guid,crc?,entry name,Japanese,English,French,Italian,German,Spanish,Russian,Polish,Dutch,Portuguese,PortugueseBr,Korean,TraditionalChinese,SimplifiedChinese,Finnish,Swedish,Danish,Norwegian,Czech,Hungarian,Slovak,Arabic,Turkish,Bulgarian,Greek,Romanian,Thai,Ukrainian,Vietnamese,Indonesian,Fiction,Hindi,LatinAmericanSpanish
d28b1794-97a9-4521-a45f-7176022e7063,3792446559,HyakuryuSkill_None_Name,<COLOR FF0000>#Rejected#</COLOR> HyakuryuSkill_None_Name,<COLOR FF0000>#Rejected#</COLOR> HyakuryuSkill_None_Name,<COLOR FF0000>#Rejected#</COLOR> HyakuryuSkill_None_Name,<COLOR FF0000>#Rejected#</COLOR> HyakuryuSkill_None_Name,<COLOR FF0000>#Rejected#</COLOR> HyakuryuSkill_None_Name,<COLOR FF0000>#Rejected#</COLOR> HyakuryuSkill_None_Name,<COLOR FF0000>#Rejected#</COLOR> HyakuryuSkill_None_Name,<COLOR FF0000>#Rejected#</COLOR> HyakuryuSkill_None_Name,<COLOR FF0000>#Rejected#</COLOR> HyakuryuSkill_None_Name,<COLOR FF0000>#Rejected#</COLOR> HyakuryuSkill_None_Name,<COLOR FF0000>#Rejected#</COLOR> HyakuryuSkill_None_Name,<COLOR FF0000>#Rejected#</COLOR> HyakuryuSkill_None_Name,<COLOR FF0000>#Rejected#</COLOR> HyakuryuSkill_None_Name,<COLOR FF0000>#Rejected#</COLOR> HyakuryuSkill_None_Name,<COLOR FF0000>#Rejected#</COLOR> HyakuryuSkill_None_Name,<COLOR FF0000>#Rejected#</COLOR> HyakuryuSkill_None_Name,<COLOR FF0000>#Rejected#</COLOR> HyakuryuSkill_None_Name,<COLOR FF0000>#Rejected#</COLOR> HyakuryuSkill_None_Name,<COLOR FF0000>#Rejected#</COLOR> HyakuryuSkill_None_Name,<COLOR FF0000>#Rejected#</COLOR> HyakuryuSkill_None_Name,<COLOR FF0000>#Rejected#</COLOR> HyakuryuSkill_None_Name,<COLOR FF0000>#Rejected#</COLOR> HyakuryuSkill_None_Name,<COLOR FF0000>#Rejected#</COLOR> HyakuryuSkill_None_Name,<COLOR FF0000>#Rejected#</COLOR> HyakuryuSkill_None_Name,<COLOR FF0000>#Rejected#</COLOR> HyakuryuSkill_None_Name,<COLOR FF0000>#Rejected#</COLOR> HyakuryuSkill_None_Name,<COLOR FF0000>#Rejected#</COLOR> HyakuryuSkill_None_Name,<COLOR FF0000>#Rejected#</COLOR> HyakuryuSkill_None_Name,<COLOR FF0000>#Rejected#</COLOR> HyakuryuSkill_None_Name,<COLOR FF0000>#Rejected#</COLOR> HyakuryuSkill_None_Name,<COLOR FF0000>#Rejected#</COLOR> HyakuryuSkill_None_Name,<COLOR FF0000>#Rejected#</COLOR> HyakuryuSkill_None_Name,<COLOR FF0000>#Rejected#</COLOR> HyakuryuSkill_None_Name
406f988e-e45a-447e-bf83-8daf14af864e,3769021627,HyakuryuSkill_000_Name,攻撃力強化Ⅰ,Attack Boost I,Bonus attaque,Bonus attacco I,Angriffsbonus I,Bonus ataque I,Усиление атаки I,Wzmocnienie ataku I,,,Reforço de Ataque I,공격력 강화Ⅰ,攻擊力強化Ⅰ,攻击力强化Ⅰ,,,,,,,,تعزيز الهجوم 1,,,,,,,,,,,
e6148111-6f66-4ecf-be46-1bd1f232c94b,1922505472,HyakuryuSkill_001_Name,攻撃力強化Ⅱ,Attack Boost II,Bonus attaque II,Bonus attacco II,Angriffsbonus II,Bonus ataque II,Усиление атаки II,Wzmocnienie ataku II,,,Reforço de Ataque II,공격력 강화Ⅱ,攻擊力強化Ⅱ,攻击力强化Ⅱ,,,,,,,,تعزيز الهجوم 2,,,,,,,,,,,
1ff63db1-5e5b-4414-b225-6c03965ce6e9,3153582374,HyakuryuSkill_002_Name,攻撃力強化Ⅲ,Attack Boost III,Bonus attaque III,Bonus attacco III,Angriffsbonus III,Bonus ataque III,Усиление атаки III,Wzmoc. ataku III,,,Refor. de Ataque III,공격력 강화Ⅲ,攻擊力強化Ⅲ,攻击力强化Ⅲ,,,,,,,,تعزيز الهجوم 3,,,,,,,,,,,
984451f1-9f08-4ecb-97ce-df49075f8ea6,639847734,HyakuryuSkill_003_Name,攻撃力強化Ⅳ,Attack Boost IV,Bonus attaque IV,Bonus attacco IV,Angriffsbonus IV,Bonus ataque IV,Усиление атаки IV,Wzmoc. ataku IV,,,Reforço de Ataque IV,공격력 강화Ⅳ,攻擊力強化Ⅳ,攻击力强化Ⅳ,,,,,,,,تعزيز الهجوم 4,,,,,,,,,,,
637b6a85-ab04-4cb3-b8e0-beb1cce36701,2180310308,HyakuryuSkill_004_Name,攻撃力激化,Attack Surge,Hausse attaque,Super attacco,Angriffs-Woge,Aumento de ataque,Всплеск атаки,Przypływ Ataku,,,Surto de Ataque,공격력 격화,攻擊力大強化,攻击力激化,,,,,,,,زيادة الهجوم,,,,,,,,,,,
d66ae428-489e-4d29-8d7a-391abff296a0,1113563325,HyakuryuSkill_005_Name,属性値強化Ⅰ,Elemental Boost I,Bonus élément,Bonus elementale I,Elementbonus I,Bonus elemental I,Усиление стихии I,Wzmoc. Żywiołowe I,,,Reforço Elemental I,속성치 강화Ⅰ,屬性值強化Ⅰ,属性值强化Ⅰ,,,,,,,,معزز العنصر 1,,,,,,,,,,,
b6e60721-6b5c-450a-876d-b33747b33dda,1723445082,HyakuryuSkill_006_Name,属性値強化Ⅱ,Elemental Boost II,Bonus élément II,Bonus elementale II,Elementbonus II,Bonus elemental II,Усиление стихии II,Wzmoc. Żywiołowe II,,,Reforço Elemental II,속성치 강화Ⅱ,屬性值強化Ⅱ,属性值强化Ⅱ,,,,,,,,معزز العنصر 2,,,,,,,,,,,
d59886f3-b282-4ca5-824e-fecf39603c77,3831894146,HyakuryuSkill_007_Name,属性値強化Ⅲ,Elemental Boost III,Bonus élément III,Bonus elementale III,Elementbonus III,Bonus elemental III,Усиление стихии III,Wzmoc. Żywiołowe III,,,Refor. Elemental III,속성치 강화Ⅲ,屬性值強化Ⅲ,属性值强化Ⅲ,,,,,,,,معزز العنصر 3,,,,,,,,,,,
c1455861-6176-4bbd-99b4-32c04b4500d1,1283296613,HyakuryuSkill_008_Name,属性値激化,Elemental Surge,Hausse élément,Super elementale,Element-Woge,Aumento elemental,Стихийный всплеск,Przypływ Żywiołów,,,Surto Elemental,속성치 격화,屬性值大強化,属性值激化,,,,,,,,زيادة العنصر,,,,,,,,,,,
6f3b694b-2112-4a57-971d-ba22eca84b86,4191176971,HyakuryuSkill_009_Name,会心率強化Ⅰ,Affinity Boost I,Bonus affinité,Bonus affinità I,Affinitätsbonus I,Bonus afinidad I,Усил. мастерства I,Wzmoc. zgodności I,,,Ref. de Afinidade I,회심률 강화Ⅰ,會心率強化Ⅰ,会心率强化Ⅰ,,,,,,,,معزز النسبة 1,,,,,,,,,,,
1de4d8ff-968c-4d20-aff4-d70e235657d2,734652301,HyakuryuSkill_010_Name,会心率強化Ⅱ,Affinity Boost II,Bonus affinité II,Bonus affinità II,Affinitätsbonus II,Bonus afinidad II,Усил. мастерства II,Wzmoc. zgodności II,,,Ref. de Afinidade II,회심률 강화Ⅱ,會心率強化Ⅱ,会心率强化Ⅱ,,,,,,,,معزز النسبة 2,,,,,,,,,,,
c92476cb-8287-498f-a93f-6c77ff355ba3,1010165052,HyakuryuSkill_011_Name,会心率強化Ⅲ,Affinity Boost III,Bonus affinité III,Bonus affinità III,Affinitätsbonus III,Bonus afinidad III,Усил. мастерства III,Wzmoc. zgodności III,,,Ref. de Afinid. III,회심률 강화Ⅲ,會心率強化Ⅲ,会心率强化Ⅲ,,,,,,,,معزز النسبة 3,,,,,,,,,,,
f6a6b244-9ee1-4605-abc3-bb2d2959b3dc,2285790242,HyakuryuSkill_012_Name,会心率強化Ⅳ,Affinity Boost IV,Bonus affinité IV,Bonus affinità IV,Affinitätsbonus IV,Bonus afinidad IV,Усил. мастерства IV,Wzmoc. zgodności IV,,,Ref. de Afinidade IV,회심률 강화Ⅳ,會心率強化Ⅳ,会心率强化Ⅳ,,,,,,,,معزز النسبة 4,,,,,,,,,,,
d3601571-0ddc-4791-a39f-72bca757453e,208143566,HyakuryuSkill_013_Name,会心率激化,Affinity Surge,Hausse affinité,Super affinità,Affinitäts-Woge,Aumento de afinidad,Всплеск мастерства,Przypływ Zgodności,,,Surto de Afinidade,회심률 격화,會心率大強化,会心率激化,,,,,,,,زيادة النسبة,,,,,,,,,,,
54bde8ea-f739-47dc-a75a-67578e4a39bf,3321634916,HyakuryuSkill_014_Name,防御力強化Ⅰ,Defense Boost I,Bonus défense,Bonus difesa I,Verteidigungsbonus I,Bonus defensa I,Усиление защиты I,Wzmocnienie obrony I,,,Reforço de Defesa I,방어력 강화Ⅰ,防禦力強化Ⅰ,防御力强化Ⅰ,,,,,,,,تعزيز الدفاع 1,,,,,,,,,,,
cc99d48b-46b2-4155-9f04-b037a6da554f,4105722252,HyakuryuSkill_015_Name,防御力強化Ⅱ,Defense Boost II,Bonus défense II,Bonus difesa II,Verteidigungsbonus II,Bonus defensa II,Усиление защиты II,Wzmoc. obrony II,,,Reforço de Defesa II,방어력 강화Ⅱ,防禦力強化Ⅱ,防御力强化Ⅱ,,,,,,,,تعزيز الدفاع 2,,,,,,,,,,,
8037e533-fde3-4e69-8475-de0eb51adccd,1364088110,HyakuryuSkill_016_Name,防御力強化Ⅲ,Defense Boost III,Bonus défense III,Bonus difesa III,Verteidigungbonus III,Bonus defensa III,Усиление защиты III,Wzmoc. obrony III,,,Refor. de Defesa III,방어력 강화Ⅲ,防禦力強化Ⅲ,防御力强化Ⅲ,,,,,,,,تعزيز الدفاع 3,,,,,,,,,,,
e2210119-9bd9-4b4d-87fb-21a06c80b832,658496801,HyakuryuSkill_017_Name,属性強化【火】Ⅰ,Fire Boost I,Bonus Feu,Bonus fuoco I,Feuerbonus I,Bonus fuego I,Усиление огня I,Wzmocnienie Ognia I,,,Reforço de Fogo I,속성 강화【불】Ⅰ,屬性強化【火】Ⅰ,属性强化【火】Ⅰ,,,,,,,,معزز إطلاق النار 1,,,,,,,,,,,
f9a6c2e8-9106-4246-b2ac-ca6d669e1447,460381252,HyakuryuSkill_018_Name,属性強化【火】Ⅱ,Fire Boost II,Bonus Feu II,Bonus fuoco II,Feuerbonus II,Bonus fuego II,Усиление огня II,Wzmocnienie Ognia II,,,Reforço de Fogo II,속성 강화【불】Ⅱ,屬性強化【火】Ⅱ,属性强化【火】Ⅱ,,,,,,,,معزز إطلاق النار 2,,,,,,,,,,,
5585bb31-16ad-4af3-af58-065afd23cb42,881481809,HyakuryuSkill_019_Name,属性強化【火】Ⅲ,Fire Boost III,Bonus Feu III,Bonus fuoco III,Feuerbonus III,Bonus fuego III,Усиление огня III,Wzmoc. Ognia III,,,Reforço de Fogo III,속성 강화【불】Ⅲ,屬性強化【火】Ⅲ,属性强化【火】Ⅲ,,,,,,,,معزز إطلاق النار 3,,,,,,,,,,,
14d4c4d4-5dd7-4f2d-bdf4-c55533864aa4,4173652689,HyakuryuSkill_020_Name,属性強化【火】Ⅳ,Fire Boost IV,Bonus Feu IV,Bonus fuoco IV,Feuerbonus IV,Bonus fuego IV,Усиление огня IV,Wzmocnienie Ognia IV,,,Reforço de Fogo IV,속성 강화【불】Ⅳ,屬性強化【火】Ⅳ,属性强化【火】Ⅳ,,,,,,,,معزز إطلاق النار 4,,,,,,,,,,,
6f6921d4-7bdf-4883-925c-789888a6a0a1,2046429995,HyakuryuSkill_021_Name,属性強化【水】Ⅰ,Water Boost I,Bonus Eau,Bonus acqua I,Wasserbonus I,Bonus agua I,Усиление воды I,Wzmocnienie wody I,,,Reforço de Água I,속성 강화【물】Ⅰ,屬性強化【水】Ⅰ,属性强化【水】Ⅰ,,,,,,,,معزز الماء 1,,,,,,,,,,,
a85d20d5-32cd-40e7-abbd-d1b0ed86c7d6,3356306028,HyakuryuSkill_022_Name,属性強化【水】Ⅱ,Water Boost II,Bonus Eau II,Bonus acqua II,Wasserbonus II,Bonus agua II,Усиление воды II,Wzmocnienie wody II,,,Reforço de Água II,속성 강화【물】Ⅱ,屬性強化【水】Ⅱ,属性强化【水】Ⅱ,,,,,,,,معزز الماء 2,,,,,,,,,,,
4b956133-b109-413c-bc8e-ac9c5ad0b1b9,2276179149,HyakuryuSkill_023_Name,属性強化【水】Ⅲ,Water Boost III,Bonus Eau III,Bonus acqua III,Wasserbonus III,Bonus agua III,Усиление воды III,Wzmocnienie wody III,,,Reforço de Água III,속성 강화【물】Ⅲ,屬性強化【水】Ⅲ,属性强化【水】Ⅲ,,,,,,,,معزز الماء 3,,,,,,,,,,,
bcf6af4e-9f5f-40ed-af26-790176434e9d,1661547854,HyakuryuSkill_024_Name,属性強化【水】Ⅳ,Water Boost IV,Bonus Eau IV,Bonus acqua IV,Wasserbonus IV,Bonus agua IV,Усиление воды IV,Wzmocnienie wody IV,,,Reforço de Água IV,속성 강화【물】Ⅳ,屬性強化【水】Ⅳ,属性强化【水】Ⅳ,,,,,,,,معزز الماء 4,,,,,,,,,,,
f3b2b7d7-00d0-468c-92c7-5f3757859e0c,927933566,HyakuryuSkill_025_Name,属性強化【雷】Ⅰ,Thunder Boost I,Bonus Foudre,Bonus tuono I,Donnerbonus I,Bonus rayo I,Усиление грозы I,Wzmoc. piorunów I,,,Reforço de Raio I,속성 강화【번개】Ⅰ,屬性強化【雷】Ⅰ,属性强化【雷】Ⅰ,,,,,,,,معزز الرعد 1,,,,,,,,,,,
97f3dce2-acaa-48f7-8fc3-ffaf8892ba24,297456991,HyakuryuSkill_026_Name,属性強化【雷】Ⅱ,Thunder Boost II,Bonus Foudre II,Bonus tuono II,Donnerbonus II,Bonus rayo II,Усиление грозы II,Wzmoc. piorunów II,,,Reforço de Raio II,속성 강화【번개】Ⅱ,屬性強化【雷】Ⅱ,属性强化【雷】Ⅱ,,,,,,,,معزز الرعد 2,,,,,,,,,,,
99256cc8-b763-479c-be84-1ca412a86af8,167250657,HyakuryuSkill_027_Name,属性強化【雷】Ⅲ,Thunder Boost III,Bonus Foudre III,Bonus tuono III,Donnerbonus III,Bonus rayo III,Усиление грозы III,Wzmoc. piorunów III,,,Reforço de Raio III,속성 강화【번개】Ⅲ,屬性強化【雷】Ⅲ,属性强化【雷】Ⅲ,,,,,,,,معزز الرعد 3,,,,,,,,,,,
69d9227c-87ef-4241-b72c-215d08b43888,49900876,HyakuryuSkill_028_Name,属性強化【雷】Ⅳ,Thunder Boost IV,Bonus Foudre IV,Bonus tuono IV,Donnerbonus IV,Bonus rayo IV,Усиление грозы IV,Wzmoc. piorunów IV,,,Reforço de Raio IV,속성 강화【번개】Ⅳ,屬性強化【雷】Ⅳ,属性强化【雷】Ⅳ,,,,,,,,معزز الرعد 4,,,,,,,,,,,
8ffad8b5-9703-4df0-9cc6-adb57109b81b,1796551904,HyakuryuSkill_029_Name,属性強化【氷】Ⅰ,Ice Boost I,Bonus Glace,Bonus ghiaccio I,Eisbonus I,Bonus hielo I,Усиление льда I,Wzmocnienie lodu I,,,Reforço de Gelo I,속성 강화【얼음】Ⅰ,屬性強化【冰】Ⅰ,属性强化【冰】Ⅰ,,,,,,,,معزز الثلج 1,,,,,,,,,,,
319fb700-fdb0-46db-80fb-f72ebc49741a,1064003976,HyakuryuSkill_030_Name,属性強化【氷】Ⅱ,Ice Boost II,Bonus Glace II,Bonus ghiaccio II,Eisbonus II,Bonus hielo II,Усиление льда II,Wzmocnienie lodu II,,,Reforço de Gelo II,속성 강화【얼음】Ⅱ,屬性強化【冰】Ⅱ,属性强化【冰】Ⅱ,,,,,,,,معزز الثلج 2,,,,,,,,,,,
50a2902b-32ea-4468-ae8d-3af0009b8d74,451313105,HyakuryuSkill_031_Name,属性強化【氷】Ⅲ,Ice Boost III,Bonus Glace III,Bonus ghiaccio III,Eisbonus III,Bonus hielo III,Усиление льда III,Wzmocnienie lodu III,,,Reforço de Gelo III,속성 강화【얼음】Ⅲ,屬性強化【冰】Ⅲ,属性强化【冰】Ⅲ,,,,,,,,معزز الثلج 3,,,,,,,,,,,
fcff69bc-9eb6-453b-a55d-9dc690085d5d,1115747284,HyakuryuSkill_032_Name,属性強化【氷】Ⅳ,Ice Boost IV,Bonus Glace IV,Bonus ghiaccio IV,Eisbonus IV,Bonus hielo IV,Усиление льда IV,Wzmocnienie lodu IV,,,Reforço de Gelo IV,속성 강화【얼음】Ⅳ,屬性強化【冰】Ⅳ,属性强化【冰】Ⅳ,,,,,,,,معزز الثلج 4,,,,,,,,,,,
c91221c4-7098-4cfd-8bff-2380ab3fa48b,565391636,HyakuryuSkill_033_Name,属性強化【龍】Ⅰ,Dragon Boost I,Bonus Dragon,Bonus drago I,Drachenbonus I,Bonus draco I,Усиление дракона I,Wzmocnienie smoka I,,,Reforço de Dragão I,속성 강화【용】Ⅰ,屬性強化【龍】Ⅰ,属性强化【龙】Ⅰ,,,,,,,,معززالتنين 1,,,,,,,,,,,
6254c4cc-cf68-4829-8562-51d940fbffc3,2179459888,HyakuryuSkill_034_Name,属性強化【龍】Ⅱ,Dragon Boost II,Bonus Dragon II,Bonus drago II,Drachenbonus II,Bonus draco II,Усиление дракона II,Wzmocnienie smoka II,,,Reforço de Dragão II,속성 강화【용】Ⅱ,屬性強化【龍】Ⅱ,属性强化【龙】Ⅱ,,,,,,,,معزز التنين 2,,,,,,,,,,,
29f78036-0b55-4515-9cd8-05d212985863,3708975348,HyakuryuSkill_035_Name,属性強化【龍】Ⅲ,Dragon Boost III,Bonus Dragon III,Bonus drago III,Drachenbonus III,Bonus draco III,Усиление дракона III,Wzmoc. smoka III,,,Ref. de Dragão III,속성 강화【용】Ⅲ,屬性強化【龍】Ⅲ,属性强化【龙】Ⅲ,,,,,,,,معزز التنين 3,,,,,,,,,,,
ca7a4f72-fe0e-457b-b798-3cf3db93b734,3762924817,HyakuryuSkill_036_Name,属性強化【龍】Ⅳ,Dragon Boost IV,Bonus Dragon IV,Bonus drago IV,Drachenbonus IV,Bonus draco IV,Усиление дракона IV,Wzmoc. smoka IV,,,Reforço de Dragão IV,속성 강화【용】Ⅳ,屬性強化【龍】Ⅳ,属性强化【龙】Ⅳ,,,,,,,,معزز التنين 4,,,,,,,,,,,
fac684c8-d6f6-43ac-bf2a-0f713946fe90,4048274628,HyakuryuSkill_037_Name,属性強化【毒】Ⅰ,Poison Boost I,Bonus Poison,Bonus veleno I,Giftbonus I,Bonus veneno I,Усил. отравления I,Wzmocn. trucizny I,,,Reforço de Veneno I,속성 강화【독】Ⅰ,屬性強化【毒】Ⅰ,属性强化【毒】Ⅰ,,,,,,,,معزز السم 1,,,,,,,,,,,
a1776def-4d19-4739-a9bc-14ab1e2cfcea,3520018034,HyakuryuSkill_038_Name,属性強化【毒】Ⅱ,Poison Boost II,Bonus Poison II,Bonus veleno II,Giftbonus II,Bonus veneno II,Усил. отравления II,Wzmocn. trucizny II,,,Reforço de Veneno II,속성 강화【독】Ⅱ,屬性強化【毒】Ⅱ,属性强化【毒】Ⅱ,,,,,,,,معزز السم 2,,,,,,,,,,,
37c7c6fb-cf63-4b58-a350-761faf528491,2455605643,HyakuryuSkill_039_Name,属性強化【毒】Ⅲ,Poison Boost III,Bonus Poison III,Bonus veleno III,Giftbonus III,Bonus veneno III,Усил. отравления III,Wzmocn. trucizny III,,,Ref. de Veneno III,속성 강화【독】Ⅲ,屬性強化【毒】Ⅲ,属性强化【毒】Ⅲ,,,,,,,,معزز السم 3,,,,,,,,,,,
4446b56a-45d9-41ef-bb3c-322d779729cd,1370988727,HyakuryuSkill_040_Name,属性強化【麻痺】Ⅰ,Paralysis Boost I,Bonus Paralysie,Bonus paralisi I,Lähmungsbonus I,Bonus parálisis I,Усил. паралича I,Wzmocn. paraliżu I,,,Ref. de Paralisia I,속성 강화【마비】Ⅰ,屬性強化【麻痺】Ⅰ,属性强化【麻痹】Ⅰ,,,,,,,,معزز الشلل 1,,,,,,,,,,,
038b7cd8-0508-49b3-a14f-11db52aa91b7,3169380106,HyakuryuSkill_041_Name,属性強化【麻痺】Ⅱ,Paralysis Boost II,Bonus Paralysie II,Bonus paralisi II,Lähmungsbonus II,Bonus parálisis II,Усил. паралича II,Wzmocn. paraliżu II,,,Ref. de Paralisia II,속성 강화【마비】Ⅱ,屬性強化【麻痺】Ⅱ,属性强化【麻痹】Ⅱ,,,,,,,,معزز الشلل 2,,,,,,,,,,,
ad4bf225-a9f6-4179-8b1f-06caf07c6ae5,4207126413,HyakuryuSkill_042_Name,属性強化【麻痺】Ⅲ,Paralysis Boost III,Bonus Paralysie III,Bonus paralisi III,Lähmungsbonus III,Bonus parálisis III,Усил. паралича III,Wzmocn. paraliżu III,,,Ref. de Paral. III,속성 강화【마비】Ⅲ,屬性強化【麻痺】Ⅲ,属性强化【麻痹】Ⅲ,,,,,,,,معزز الشلل 3,,,,,,,,,,,
0dda8a64-56c2-45c8-8f85-28f550982383,1555349605,HyakuryuSkill_043_Name,属性強化【睡眠】Ⅰ,Sleep Boost I,Bonus Sommeil,Bonus sonno I,Schlafbonus I,Bonus sueño I,Усил. усыпления I,Wzmocn. usypiania I,,,Reforço de Sono I,속성 강화【수면】Ⅰ,屬性強化【睡眠】Ⅰ,属性强化【睡眠】Ⅰ,,,,,,,,معزز النوم 1,,,,,,,,,,,
a8608f1d-24d3-4f79-ae9b-600c28e44a3d,3058414293,HyakuryuSkill_044_Name,属性強化【睡眠】Ⅱ,Sleep Boost II,Bonus Sommeil II,Bonus sonno II,Schlafbonus II,Bonus sueño II,Усил. усыпления II,Wzmocn. usypiania II,,,Reforço de Sono II,속성 강화【수면】Ⅱ,屬性強化【睡眠】Ⅱ,属性强化【睡眠】Ⅱ,,,,,,,,معزز النوم 2,,,,,,,,,,,
ef09f9ef-0464-44a5-8e31-4401fdb563eb,319348152,HyakuryuSkill_045_Name,属性強化【睡眠】Ⅲ,Sleep Boost III,Bonus Sommeil III,Bonus sonno III,Schlafbonus III,Bonus sueño III,Усил. усыпления III,Wzmoc. usypiania III,,,Reforço de Sono III,속성 강화【수면】Ⅲ,屬性強化【睡眠】Ⅲ,属性强化【睡眠】Ⅲ,,,,,,,,معزز النوم 3,,,,,,,,,,,
42d5bd02-e3ec-4cfd-8f1c-26c5f6290f11,27358323,HyakuryuSkill_046_Name,属性強化【爆破】Ⅰ,Blast Boost I,Bonus Explosion,Bonus scoppio I,Explosionsbonus I,Bonus nitro I,Усиление взрыва I,Wzmocn. wybuchu I,,,Ref. de Explosão I,속성 강화【폭파】Ⅰ,屬性強化【爆破】Ⅰ,属性强化【爆破】Ⅰ,,,,,,,,معزز الانفجار 1,,,,,,,,,,,
0dda0ea4-dccd-40d4-a9f1-c82a13cd5676,4053430018,HyakuryuSkill_047_Name,属性強化【爆破】Ⅱ,Blast Boost II,Bonus Explosion II,Bonus scoppio II,Explosionsbonus II,Bonus nitro II,Усиление взрыва II,Wzmocn. wybuchu II,,,Ref. de Explosão II,속성 강화【폭파】Ⅱ,屬性強化【爆破】Ⅱ,属性强化【爆破】Ⅱ,,,,,,,,معزز الانفجار 2,,,,,,,,,,,
31a1baf7-4dee-4ab9-828f-ed6bd207f378,3673521416,HyakuryuSkill_048_Name,属性強化【爆破】Ⅲ,Blast Boost III,Bonus Explosion III,Bonus scoppio III,Explosionsbonus III,Bonus nitro III,Усиление взрыва III,Wzmocn. wybuchu III,,,Ref. de Explosão III,속성 강화【폭파】Ⅲ,屬性強化【爆破】Ⅲ,属性强化【爆破】Ⅲ,,,,,,,,معزز الانفجار 3,,,,,,,,,,,
14c2c162-4d7c-43f7-ade4-d65284c4d480,2687339785,HyakuryuSkill_049_Name,属性付与【火】Ⅰ,Fire I,Feu,Fuoco I,Feuer I,Fuego I,Огонь I,Ogień I,,,Fogo I,속성 부여【불】Ⅰ,賦予屬性【火】Ⅰ,赋予属性【火】Ⅰ,,,,,,,,إطلاق النار 1,,,,,,,,,,,
d6217717-ab66-4da8-9c87-92c631be5320,3455106242,HyakuryuSkill_050_Name,属性付与【火】Ⅱ,Fire II,Feu II,Fuoco II,Feuer II,Fuego II,Огонь II,Ogień II,,,Fogo II,속성 부여【불】Ⅱ,賦予屬性【火】Ⅱ,赋予属性【火】Ⅱ,,,,,,,,إطلاق النار 2,,,,,,,,,,,
4d28737e-0e1e-4bce-9d55-a8adde9ec7b7,1487893103,HyakuryuSkill_051_Name,属性付与【火】Ⅲ,Fire III,Feu III,Fuoco III,Feuer III,Fuego III,Огонь III,Ogień III,,,Fogo III,속성 부여【불】Ⅲ,賦予屬性【火】Ⅲ,赋予属性【火】Ⅲ,,,,,,,,إطلاق النار 3,,,,,,,,,,,
52cfbb26-283a-44b7-8ad1-f9f4f19fa6c1,1364500209,HyakuryuSkill_052_Name,属性付与【火】Ⅳ,Fire IV,Feu IV,Fuoco IV,Feuer IV,Fuego IV,Огонь IV,Ogień IV,,,Fogo IV,속성 부여【불】Ⅳ,賦予屬性【火】Ⅳ,赋予属性【火】Ⅳ,,,,,,,,إطلاق النار 4,,,,,,,,,,,
e15bb316-f69f-4384-a463-d0ebdee9420d,2654931416,HyakuryuSkill_053_Name,属性付与【水】Ⅰ,Water I,Eau,Acqua I,Wasser I,Agua I,Вода I,Woda I,,,Água I,속성 부여【물】Ⅰ,賦予屬性【水】Ⅰ,赋予属性【水】Ⅰ,,,,,,,,الماء 1,,,,,,,,,,,
3b33181e-39f1-4c87-be73-0261b2d5e4e1,1188765945,HyakuryuSkill_054_Name,属性付与【水】Ⅱ,Water II,Eau II,Acqua II,Wasser II,Agua II,Вода II,Woda II,,,Água II,속성 부여【물】Ⅱ,賦予屬性【水】Ⅱ,赋予属性【水】Ⅱ,,,,,,,,الماء 2,,,,,,,,,,,
524a08ef-2bd8-4b89-8eb5-f0398662466b,3935405777,HyakuryuSkill_055_Name,属性付与【水】Ⅲ,Water III,Eau III,Acqua III,Wasser III,Agua III,Вода III,Woda III,,,Água III,속성 부여【물】Ⅲ,賦予屬性【水】Ⅲ,赋予属性【水】Ⅲ,,,,,,,,الماء 3,,,,,,,,,,,
9793a6b5-bce5-4b74-b2a9-d97f6b226153,4203289145,HyakuryuSkill_056_Name,属性付与【水】Ⅳ,Water IV,Eau IV,Acqua IV,Wasser IV,Agua IV,Вода IV,Woda IV,,,Água IV,속성 부여【물】Ⅳ,賦予屬性【水】Ⅳ,赋予属性【水】Ⅳ,,,,,,,,الماء 4,,,,,,,,,,,
b40a634c-e700-4903-bb14-f11504fedc77,3094301946,HyakuryuSkill_057_Name,属性付与【雷】Ⅰ,Thunder I,Foudre,Tuono I,Donner I,Rayo I,Гроза I,Piorun I,,,Raio I,속성 부여【번개】Ⅰ,賦予屬性【雷】Ⅰ,赋予属性【雷】Ⅰ,,,,,,,,الرعد 1,,,,,,,,,,,
e01a7d42-d5ea-4009-aec4-a767974a3ada,2706241741,HyakuryuSkill_058_Name,属性付与【雷】Ⅱ,Thunder II,Foudre II,Tuono II,Donner II,Rayo II,Гроза II,Piorun II,,,Raio II,속성 부여【번개】Ⅱ,賦予屬性【雷】Ⅱ,赋予属性【雷】Ⅱ,,,,,,,,الرعد 2,,,,,,,,,,,
4ceef9d7-8c01-4c4c-b3ac-3a31fba2656c,1173348324,HyakuryuSkill_059_Name,属性付与【雷】Ⅲ,Thunder III,Foudre III,Tuono III,Donner III,Rayo III,Гроза III,Piorun III,,,Raio III,속성 부여【번개】Ⅲ,賦予屬性【雷】Ⅲ,赋予属性【雷】Ⅲ,,,,,,,,الرعد 3,,,,,,,,,,,
afedafc3-8a56-4a1a-a44a-36cf562a793a,1639025145,HyakuryuSkill_060_Name,属性付与【雷】Ⅳ,Thunder IV,Foudre IV,Tuono IV,Donner IV,Rayo IV,Гроза IV,Piorun IV,,,Raio IV,속성 부여【번개】Ⅳ,賦予屬性【雷】Ⅳ,赋予属性【雷】Ⅳ,,,,,,,,الرعد 4,,,,,,,,,,,
3eee38b4-4a25-4dff-84e1-8fed0b29bfc8,2421878657,HyakuryuSkill_061_Name,属性付与【氷】Ⅰ,Ice I,Glace,Ghiaccio I,Eis I,Hielo I,Лед I,Lód I,,,Gelo I,속성 부여【얼음】Ⅰ,賦予屬性【冰】Ⅰ,赋予属性【冰】Ⅰ,,,,,,,,الثلج 1,,,,,,,,,,,
991f3c73-4c3b-4ef4-8119-1cb461bbbb55,1113456200,HyakuryuSkill_062_Name,属性付与【氷】Ⅱ,Ice II,Glace II,Ghiaccio II,Eis II,Hielo II,Лед II,Lód II,,,Gelo II,속성 부여【얼음】Ⅱ,賦予屬性【冰】Ⅱ,赋予属性【冰】Ⅱ,,,,,,,,الثلج 2,,,,,,,,,,,
d6142a92-86d4-49bc-8fc3-116f672f56ce,3558351301,HyakuryuSkill_063_Name,属性付与【氷】Ⅲ,Ice III,Glace III,Ghiaccio III,Eis III,Hielo III,Лед III,Lód III,,,Gelo III,속성 부여【얼음】Ⅲ,賦予屬性【冰】Ⅲ,赋予属性【冰】Ⅲ,,,,,,,,الثلج 3,,,,,,,,,,,
cbad1945-f0c6-4b3b-84fa-c47f636a760a,606478484,HyakuryuSkill_064_Name,属性付与【氷】Ⅳ,Ice IV,Glace IV,Ghiaccio IV,Eis IV,Hielo IV,Лед IV,Lód IV,,,Gelo IV,속성 부여【얼음】Ⅳ,賦予屬性【冰】Ⅳ,赋予属性【冰】Ⅳ,,,,,,,,الثلج 4,,,,,,,,,,,
e15c7573-8621-4f09-a855-3c14b2554a35,2518101465,HyakuryuSkill_065_Name,属性付与【龍】Ⅰ,Dragon I,Dragon,Drago I,Drache I,Draco I,Дракон I,Smok I,,,Dragão I,속성 부여【용】Ⅰ,賦予屬性【龍】Ⅰ,赋予属性【龙】Ⅰ,,,,,,,,التنين 1,,,,,,,,,,,
cb9e3448-ac0e-433a-aa2c-9554d4851e7d,3939878354,HyakuryuSkill_066_Name,属性付与【龍】Ⅱ,Dragon II,Dragon II,Drago II,Drache II,Draco II,Дракон II,Smok II,,,Dragão II,속성 부여【용】Ⅱ,賦予屬性【龍】Ⅱ,赋予属性【龙】Ⅱ,,,,,,,,التنين 2,,,,,,,,,,,
854633ca-4555-454e-ae75-c0f9a5ed856a,1582599451,HyakuryuSkill_067_Name,属性付与【龍】Ⅲ,Dragon III,Dragon III,Drago III,Drache III,Draco III,Дракон III,Smok III,,,Dragão III,속성 부여【용】Ⅲ,賦予屬性【龍】Ⅲ,赋予属性【龙】Ⅲ,,,,,,,,التنين 3,,,,,,,,,,,
cbe43320-7370-4668-aa0c-ba13d4447164,2834146974,HyakuryuSkill_068_Name,属性付与【龍】Ⅳ,Dragon IV,Dragon IV,Drago IV,Drache IV,Draco IV,Дракон IV,Smok IV,,,Dragão IV,속성 부여【용】Ⅳ,賦予屬性【龍】Ⅳ,赋予属性【龙】Ⅳ,,,,,,,,التنين 4,,,,,,,,,,,
4e91ab76-0891-4b72-ab87-39fa618d31ee,1484786686,HyakuryuSkill_069_Name,属性付与【毒】Ⅰ,Poison I,Poison,Veleno I,Gift I,Veneno I,Отравление I,Trucizna I,,,Veneno I,속성 부여【독】Ⅰ,賦予屬性【毒】Ⅰ,赋予属性【毒】Ⅰ,,,,,,,,السم 1,,,,,,,,,,,
ce65e279-8610-4b5e-8b19-a6dbf2469c0c,427730999,HyakuryuSkill_070_Name,属性付与【毒】Ⅱ,Poison II,Poison II,Veleno II,Gift II,Veneno II,Отравление II,Trucizna II,,,Veneno II,속성 부여【독】Ⅱ,賦予屬性【毒】Ⅱ,赋予属性【毒】Ⅱ,,,,,,,,السم 2,,,,,,,,,,,
0935ccce-75d8-4f8b-a63d-b0e929072dcb,2249068867,HyakuryuSkill_071_Name,属性付与【毒】Ⅲ,Poison III,Poison III,Veleno III,Gift III,Veneno III,Отравление III,Trucizna III,,,Veneno III,속성 부여【독】Ⅲ,賦予屬性【毒】Ⅲ,赋予属性【毒】Ⅲ,,,,,,,,السم 3,,,,,,,,,,,
04fb4e85-0f85-44a7-a274-b644bd893e97,967943043,HyakuryuSkill_072_Name,属性付与【麻痺】Ⅰ,Paralysis I,Paralysie,Paralisi I,Lähmung I,Parálisis I,Паралич I,Paraliż I,,,Paralisia I,속성 부여【마비】Ⅰ,賦予屬性【麻痺】Ⅰ,赋予属性【麻痹】Ⅰ,,,,,,,,الشلل 1,,,,,,,,,,,
1a2e728e-fea2-419f-b99b-9e1897bf485d,3289925092,HyakuryuSkill_073_Name,属性付与【麻痺】Ⅱ,Paralysis II,Paralysie II,Paralisi II,Lähmung II,Parálisis II,Паралич II,Paraliż II,,,Paralisia II,속성 부여【마비】Ⅱ,賦予屬性【麻痺】Ⅱ,赋予属性【麻痹】Ⅱ,,,,,,,,الشلل 2,,,,,,,,,,,
182eb0b1-ccda-430f-b557-0b8bc3e90974,2854060689,HyakuryuSkill_074_Name,属性付与【麻痺】Ⅲ,Paralysis III,Paralysie III,Paralisi III,Lähmung III,Parálisis III,Паралич III,Paraliż III,,,Paralisia III,속성 부여【마비】Ⅲ,賦予屬性【麻痺】Ⅲ,赋予属性【麻痹】Ⅲ,,,,,,,,الشلل 3,,,,,,,,,,,
e527f88b-13d3-4728-8b27-3d95ea8f2605,1499477733,HyakuryuSkill_075_Name,属性付与【睡眠】Ⅰ,Sleep I,Sommeil,Sonno I,Schlaf I,Sueño I,Сон I,Sen I,,,Sono I,속성 부여【수면】Ⅰ,賦予屬性【睡眠】Ⅰ,赋予属性【睡眠】Ⅰ,,,,,,,,النوم 1,,,,,,,,,,,
bf43a371-6cc4-4a2e-8eb9-7bad476b6ff7,563872708,HyakuryuSkill_076_Name,属性付与【睡眠】Ⅱ,Sleep II,Sommeil II,Sonno II,Schlaf II,Sueño II,Сон II,Sen II,,,Sono II,속성 부여【수면】Ⅱ,賦予屬性【睡眠】Ⅱ,赋予属性【睡眠】Ⅱ,,,,,,,,النوم 2,,,,,,,,,,,
c3c09ada-da10-4725-8f9d-d32122ff3945,772148457,HyakuryuSkill_077_Name,属性付与【睡眠】Ⅲ,Sleep III,Sommeil III,Sonno III,Schlaf III,Sueño III,Сон III,Sen III,,,Sono III,속성 부여【수면】Ⅲ,賦予屬性【睡眠】Ⅲ,赋予属性【睡眠】Ⅲ,,,,,,,,النوم 3,,,,,,,,,,,
5d1582f2-d821-41b9-b79c-bbac26b89265,3914731666,HyakuryuSkill_078_Name,属性付与【爆破】Ⅰ,Blast I,Explosion,Scoppio I,Explosion I,Nitro I,Взрыв I,Wybuch I,,,Explosão I,속성 부여【폭파】Ⅰ,賦予屬性【爆破】Ⅰ,赋予属性【爆破】Ⅰ,,,,,,,,الانفجار 1,,,,,,,,,,,
024e0f4d-43af-4502-86f4-52a7f33b9624,907887975,HyakuryuSkill_079_Name,属性付与【爆破】Ⅱ,Blast II,Explosion II,Scoppio II,Explosion II,Nitro II,Взрыв II,Wybuch II,,,Explosão II,속성 부여【폭파】Ⅱ,賦予屬性【爆破】Ⅱ,赋予属性【爆破】Ⅱ,,,,,,,,الانفجار 2,,,,,,,,,,,
f0d5657d-c294-4bdb-8503-2e1636f7ff7d,3206976754,HyakuryuSkill_080_Name,属性付与【爆破】Ⅲ,Blast III,Explosion III,Scoppio III,Explosion III,Nitro III,Взрыв III,Wybuch III,,,Explosão III,속성 부여【폭파】Ⅲ,賦予屬性【爆破】Ⅲ,赋予属性【爆破】Ⅲ,,,,,,,,الانفجار 3,,,,,,,,,,,
39b8bb6e-45c4-49cd-8816-46aa9d843638,4009887544,HyakuryuSkill_081_Name,斬れ味変更【壱型】,Sharpness Type I,Tranchant : type I,Tipo acutezza I,Schärfetyp I,Tipo de afilado I,"Острота, тип I",Typ ostrości I,,,Tipo de Afiação I,예리도 변경【1】,變更銳利度【壹型】,变更锋利度【壹型】,,,,,,,,شكل الحدّة 1,,,,,,,,,,,
6377e8df-8ec2-4490-a53e-3484e665a090,3189723635,HyakuryuSkill_082_Name,斬れ味変更【弐型】,Sharpness Type II,Tranchant : type II,Tipo acutezza II,Schärfetyp II,Tipo de afilado II,"Острота, тип II",Typ ostrości II,,,Tipo de Afiação II,예리도 변경【2】,變更銳利度【貳型】,变更锋利度【贰型】,,,,,,,,شكل الحدّة 2,,,,,,,,,,,
2d736a75-3a0d-4957-93d5-06c9b0700158,2409670332,HyakuryuSkill_083_Name,斬れ味変更【参型】,Sharpness Type III,Tranchant : type III,Tipo acutezza III,Schärfetyp III,Tipo de afilado III,"Острота, тип III",Typ ostrości III,,,Tipo de Afiação III,예리도 변경【3】,變更銳利度【參型】,变更锋利度【叁型】,,,,,,,,شكل الحدّة 3,,,,,,,,,,,
fe04dee6-bc0f-446f-8476-988c2ef6d3f8,390809006,HyakuryuSkill_084_Name,斬れ味変更【肆型】,Sharpness Type IV,Tranchant : type IV,Tipo acutezza IV,Schärfetyp IV,Tipo de afilado IV,"Острота, тип IV",Typ ostrości IV,,,Tipo de Afiação IV,예리도 변경【4】,變更銳利度【肆型】,变更锋利度【肆型】,,,,,,,,شكل الحدّة 4,,,,,,,,,,,
1092cb33-1269-44dc-8e38-484f9174c72d,2000401150,HyakuryuSkill_085_Name,<COLOR FF0000>#Rejected#</COLOR> HyakuryuSkill_085_Name,<COLOR FF0000>#Rejected#</COLOR> HyakuryuSkill_085_Name,<COLOR FF0000>#Rejected#</COLOR> HyakuryuSkill_085_Name,<COLOR FF0000>#Rejected#</COLOR> HyakuryuSkill_085_Name,<COLOR FF0000>#Rejected#</COLOR> HyakuryuSkill_085_Name,<COLOR FF0000>#Rejected#</COLOR> HyakuryuSkill_085_Name,<COLOR FF0000>#Rejected#</COLOR> HyakuryuSkill_085_Name,<COLOR FF0000>#Rejected#</COLOR> HyakuryuSkill_085_Name,<COLOR FF0000>#Rejected#</COLOR> HyakuryuSkill_085_Name,<COLOR FF0000>#Rejected#</COLOR> HyakuryuSkill_085_Name,<COLOR FF0000>#Rejected#</COLOR> HyakuryuSkill_085_Name,<COLOR FF0000>#Rejected#</COLOR> HyakuryuSkill_085_Name,<COLOR FF0000>#Rejected#</COLOR> HyakuryuSkill_085_Name,<COLOR FF0000>#Rejected#</COLOR> HyakuryuSkill_085_Name,<COLOR FF0000>#Rejected#</COLOR> HyakuryuSkill_085_Name,<COLOR FF0000>#Rejected#</COLOR> HyakuryuSkill_085_Name,<COLOR FF0000>#Rejected#</COLOR> HyakuryuSkill_085_Name,<COLOR FF0000>#Rejected#</COLOR> HyakuryuSkill_085_Name,<COLOR FF0000>#Rejected#</COLOR> HyakuryuSkill_085_Name,<COLOR FF0000>#Rejected#</COLOR> HyakuryuSkill_085_Name,<COLOR FF0000>#Rejected#</COLOR> HyakuryuSkill_085_Name,<COLOR FF0000>#Rejected#</COLOR> HyakuryuSkill_085_Name,<COLOR FF0000>#Rejected#</COLOR> HyakuryuSkill_085_Name,<COLOR FF0000>#Rejected#</COLOR> HyakuryuSkill_085_Name,<COLOR FF0000>#Rejected#</COLOR> HyakuryuSkill_085_Name,<COLOR FF0000>#Rejected#</COLOR> HyakuryuSkill_085_Name,<COLOR FF0000>#Rejected#</COLOR> HyakuryuSkill_085_Name,<COLOR FF0000>#Rejected#</COLOR> HyakuryuSkill_085_Name,<COLOR FF0000>#Rejected#</COLOR> HyakuryuSkill_085_Name,<COLOR FF0000>#Rejected#</COLOR> HyakuryuSkill_085_Name,<COLOR FF0000>#Rejected#</COLOR> HyakuryuSkill_085_Name,<COLOR FF0000>#Rejected#</COLOR> HyakuryuSkill_085_Name,<COLOR FF0000>#Rejected#</COLOR> HyakuryuSkill_085_Name
95308239-e8b4-4f8c-9b54-a0c24f16ac95,4033038968,HyakuryuSkill_086_Name,<COLOR FF0000>#Rejected#</COLOR> HyakuryuSkill_086_Name,<COLOR FF0000>#Rejected#</COLOR> HyakuryuSkill_086_Name,<COLOR FF0000>#Rejected#</COLOR> HyakuryuSkill_086_Name,<COLOR FF0000>#Rejected#</COLOR> HyakuryuSkill_086_Name,<COLOR FF0000>#Rejected#</COLOR> HyakuryuSkill_086_Name,<COLOR FF0000>#Rejected#</COLOR> HyakuryuSkill_086_Name,<COLOR FF0000>#Rejected#</COLOR> HyakuryuSkill_086_Name,<COLOR FF0000>#Rejected#</COLOR> HyakuryuSkill_086_Name,<COLOR FF0000>#Rejected#</COLOR> HyakuryuSkill_086_Name,<COLOR FF0000>#Rejected#</COLOR> HyakuryuSkill_086_Name,<COLOR FF0000>#Rejected#</COLOR> HyakuryuSkill_086_Name,<COLOR FF0000>#Rejected#</COLOR> HyakuryuSkill_086_Name,<COLOR FF0000>#Rejected#</COLOR> HyakuryuSkill_086_Name,<COLOR FF0000>#Rejected#</COLOR> HyakuryuSkill_086_Name,<COLOR FF0000>#Rejected#</COLOR> HyakuryuSkill_086_Name,<COLOR FF0000>#Rejected#</COLOR> HyakuryuSkill_086_Name,<COLOR FF0000>#Rejected#</COLOR> HyakuryuSkill_086_Name,<COLOR FF0000>#Rejected#</COLOR> HyakuryuSkill_086_Name,<COLOR FF0000>#Rejected#</COLOR> HyakuryuSkill_086_Name,<COLOR FF0000>#Rejected#</COLOR> HyakuryuSkill_086_Name,<COLOR FF0000>#Rejected#</COLOR> HyakuryuSkill_086_Name,<COLOR FF0000>#Rejected#</COLOR> HyakuryuSkill_086_Name,<COLOR FF0000>#Rejected#</COLOR> HyakuryuSkill_086_Name,<COLOR FF0000>#Rejected#</COLOR> HyakuryuSkill_086_Name,<COLOR FF0000>#Rejected#</COLOR> HyakuryuSkill_086_Name,<COLOR FF0000>#Rejected#</COLOR> HyakuryuSkill_086_Name,<COLOR FF0000>#Rejected#</COLOR> HyakuryuSkill_086_Name,<COLOR FF0000>#Rejected#</COLOR> HyakuryuSkill_086_Name,<COLOR FF0000>#Rejected#</COLOR> HyakuryuSkill_086_Name,<COLOR FF0000>#Rejected#</COLOR> HyakuryuSkill_086_Name,<COLOR FF0000>#Rejected#</COLOR> HyakuryuSkill_086_Name,<COLOR FF0000>#Rejected#</COLOR> HyakuryuSkill_086_Name,<COLOR FF0000>#Rejected#</COLOR> HyakuryuSkill_086_Name
990d9daf-ff16-45d2-a969-b4567e559049,826141495,HyakuryuSkill_087_Name,<COLOR FF0000>#Rejected#</COLOR> HyakuryuSkill_087_Name,<COLOR FF0000>#Rejected#</COLOR> HyakuryuSkill_087_Name,<COLOR FF0000>#Rejected#</COLOR> HyakuryuSkill_087_Name,<COLOR FF0000>#Rejected#</COLOR> HyakuryuSkill_087_Name,<COLOR FF0000>#Rejected#</COLOR> HyakuryuSkill_087_Name,<COLOR FF0000>#Rejected#</COLOR> HyakuryuSkill_087_Name,<COLOR FF0000>#Rejected#</COLOR> HyakuryuSkill_087_Name,<COLOR FF0000>#Rejected#</COLOR> HyakuryuSkill_087_Name,<COLOR FF0000>#Rejected#</COLOR> HyakuryuSkill_087_Name,<COLOR FF0000>#Rejected#</COLOR> HyakuryuSkill_087_Name,<COLOR FF0000>#Rejected#</COLOR> HyakuryuSkill_087_Name,<COLOR FF0000>#Rejected#</COLOR> HyakuryuSkill_087_Name,<COLOR FF0000>#Rejected#</COLOR> HyakuryuSkill_087_Name,<COLOR FF0000>#Rejected#</COLOR> HyakuryuSkill_087_Name,<COLOR FF0000>#Rejected#</COLOR> HyakuryuSkill_087_Name,<COLOR FF0000>#Rejected#</COLOR> HyakuryuSkill_087_Name,<COLOR FF0000>#Rejected#</COLOR> HyakuryuSkill_087_Name,<COLOR FF0000>#Rejected#</COLOR> HyakuryuSkill_087_Name,<COLOR FF0000>#Rejected#</COLOR> HyakuryuSkill_087_Name,<COLOR FF0000>#Rejected#</COLOR> HyakuryuSkill_087_Name,<COLOR FF0000>#Rejected#</COLOR> HyakuryuSkill_087_Name,<COLOR FF0000>#Rejected#</COLOR> HyakuryuSkill_087_Name,<COLOR FF0000>#Rejected#</COLOR> HyakuryuSkill_087_Name,<COLOR FF0000>#Rejected#</COLOR> HyakuryuSkill_087_Name,<COLOR FF0000>#Rejected#</COLOR> HyakuryuSkill_087_Name,<COLOR FF0000>#Rejected#</COLOR> HyakuryuSkill_087_Name,<COLOR FF0000>#Rejected#</COLOR> HyakuryuSkill_087_Name,<COLOR FF0000>#Rejected#</COLOR> HyakuryuSkill_087_Name,<COLOR FF0000>#Rejected#</COLOR> HyakuryuSkill_087_Name,<COLOR FF0000>#Rejected#</COLOR> HyakuryuSkill_087_Name,<COLOR FF0000>#Rejected#</COLOR> HyakuryuSkill_087_Name,<COLOR FF0000>#Rejected#</COLOR> HyakuryuSkill_087_Name,<COLOR FF0000>#Rejected#</COLOR> HyakuryuSkill_087_Name
f3e88b04-3dea-4fb9-aabe-5fc16b9c0dc6,1004309420,HyakuryuSkill_088_Name,第二属性【火】Ⅰ,Secondary: Fire I,Sec. : Feu,Secondario: Fuoco I,Sekundär: Feuer I,Secundario: fuego I,Доп.: огонь I,Drugorzędny: Ogień I,,,Secundário: Fogo I,제2속성【불】Ⅰ,第二屬性【火】Ⅰ,第二属性【火】Ⅰ,,,,,,,,ثانوي: إطلاق نار 1,,,,,,,,,,,
e019ed1c-3f2c-40b7-81af-989ca34c71d1,3598745002,HyakuryuSkill_089_Name,第二属性【火】Ⅱ,Secondary: Fire II,Sec. : Feu II,Secondario: Fuoco II,Sekundär: Feuer II,Secundario: fuego II,Доп.: огонь II,Drugorz.: Ogień II,,,Secundário: Fogo II,제2속성【불】Ⅱ,第二屬性【火】Ⅱ,第二属性【火】Ⅱ,,,,,,,,ثانوي: إطلاق نار 2,,,,,,,,,,,
2998ab4c-4159-47ae-82f4-9f9b743bb6c6,1706065274,HyakuryuSkill_090_Name,第二属性【火】Ⅲ,Secondary: Fire III,Sec. : Feu III,Secon.: Fuoco III,Sekundär: Feuer III,Secund.: fuego III,Доп.: огонь III,Drugorz.: Ogień III,,,Secundário: Fogo III,제2속성【불】Ⅲ,第二屬性【火】Ⅲ,第二属性【火】Ⅲ,,,,,,,,ثانوي: إطلاق نار 3,,,,,,,,,,,
5e2ad076-0061-4434-9ead-680e8c9ef2d8,815156942,HyakuryuSkill_091_Name,第二属性【水】Ⅰ,Secondary: Water I,Sec. : Eau,Secondario: Acqua I,Sekundär: Wasser I,Secundario: agua I,Доп.: вода I,Drugorzędny: Woda I,,,Secundário: Água I,제2속성【물】Ⅰ,第二屬性【水】Ⅰ,第二属性【水】Ⅰ,,,,,,,,ثانوي: الماء 1,,,,,,,,,,,
9e5a9ffb-4dad-4647-90b9-2660615e4266,1475140148,HyakuryuSkill_092_Name,第二属性【水】Ⅱ,Secondary: Water II,Sec. : Eau II,Secondario: Acqua II,Sekundär: Wasser II,Secundario: agua II,Доп.: вода II,Drugorzędny: Woda II,,,Secundário: Água II,제2속성【물】Ⅱ,第二屬性【水】Ⅱ,第二属性【水】Ⅱ,,,,,,,,ثانوي: الماء 2,,,,,,,,,,,
609a1286-d761-4412-b6f3-456f4c86acd5,3021368366,HyakuryuSkill_093_Name,第二属性【水】Ⅲ,Secondary: Water III,Sec. : Eau III,Secon.: Acqua III,Sekundär: Wasser III,Secundario: agua III,Доп.: вода III,Drugorz.: Woda III,,,Secundário: Água III,제2속성【물】Ⅲ,第二屬性【水】Ⅲ,第二属性【水】Ⅲ,,,,,,,,ثانوي: الماء 3,,,,,,,,,,,
5309044d-bdd6-464e-af03-e9d9e174c4c9,1323752259,HyakuryuSkill_094_Name,第二属性【雷】Ⅰ,Secondary: Thunder I,Sec. : Foudre,Secondario: Tuono I,Sekundär: Donner I,Secundario: rayo I,Доп.: гроза I,Drugorz.: Piorun I,,,Secundário: Raio I,제2속성【번개】Ⅰ,第二屬性【雷】Ⅰ,第二属性【雷】Ⅰ,,,,,,,,ثانوي: الرعد 1,,,,,,,,,,,
8b3fd1cc-b036-42f7-adff-8656e23234e4,4138066290,HyakuryuSkill_095_Name,第二属性【雷】Ⅱ,Secondary: Thunder II,Sec. : Foudre II,Secondario: Tuono II,Sekundär: Donner II,Secundario: rayo II,Доп.: гроза II,Drugorz.: Piorun II,,,Secundário: Raio II,제2속성【번개】Ⅱ,第二屬性【雷】Ⅱ,第二属性【雷】Ⅱ,,,,,,,,ثانوي: الرعد 2,,,,,,,,,,,
13a210f5-2972-4a0f-aa95-2ceed915779f,1672151860,HyakuryuSkill_096_Name,第二属性【雷】Ⅲ,Secondary: Thunder III,Sec. : Foudre III,Secon.: Tuono III,Sekundär: Donner III,Secundario: rayo III,Доп.: гроза III,Drugorz.: Piorun III,,,Secundário: Raio III,제2속성【번개】Ⅲ,第二屬性【雷】Ⅲ,第二属性【雷】Ⅲ,,,,,,,,ثانوي: الرعد 3,,,,,,,,,,,
460a951d-533d-4cbe-9ad5-085c9d7a2079,3940333793,HyakuryuSkill_097_Name,第二属性【氷】Ⅰ,Secondary: Ice I,Sec. : Glace,Secon.: Ghiaccio I,Sekundär: Eis I,Secundario: hielo I,Доп.: лед I,Drugorzędny: Lód I,,,Secundário: Gelo I,제2속성【얼음】Ⅰ,第二屬性【冰】Ⅰ,第二属性【冰】Ⅰ,,,,,,,,ثانوي: الثلج 1,,,,,,,,,,,
5b3d8091-0be8-4468-b2c6-93a35ecc8f18,4289253666,HyakuryuSkill_098_Name,第二属性【氷】Ⅱ,Secondary: Ice II,Sec. : Glace II,Secon.: Ghiaccio II,Sekundär: Eis II,Secundario: hielo II,Доп.: лед II,Drugorzędny: Lód II,,,Secundário: Gelo II,제2속성【얼음】Ⅱ,第二屬性【冰】Ⅱ,第二属性【冰】Ⅱ,,,,,,,,ثانوي: الثلج 2,,,,,,,,,,,
5e9402a0-6853-4a50-9376-de0e96c06a34,1812941194,HyakuryuSkill_099_Name,第二属性【氷】Ⅲ,Secondary: Ice III,Sec. : Glace III,Secon.: Ghiaccio III,Sekundär: Eis III,Secund.: hielo III,Доп.: лед III,Drugorzędny: Lód III,,,Secundário: Gelo III,제2속성【얼음】Ⅲ,第二屬性【冰】Ⅲ,第二属性【冰】Ⅲ,,,,,,,,ثانوي: الثلج 3,,,,,,,,,,,
1caf6a95-c346-483f-ad88-72204e8bd149,745520039,HyakuryuSkill_100_Name,第二属性【龍】Ⅰ,Secondary: Dragon I,Sec. : Dragon,Secondario: Drago I,Sekundär: Drache I,Secundario: draco I,Доп.: дракон I,Drugorzędny: Smok I,,,Secundário: Dragão I,제2속성【용】Ⅰ,第二屬性【龍】Ⅰ,第二属性【龙】Ⅰ,,,,,,,,ثانوي: التنين 1,,,,,,,,,,,
695726bf-53d5-4a6d-98b9-8828e664c8de,1505896880,HyakuryuSkill_101_Name,第二属性【龍】Ⅱ,Secondary: Dragon II,Sec. : Dragon II,Secon.: Drago II,Sekundär: Drache II,Secundario: draco II,Доп.: дракон II,Drugorzędny: Smok II,,,Secund.: Dragão II,제2속성【용】Ⅱ,第二屬性【龍】Ⅱ,第二属性【龙】Ⅱ,,,,,,,,ثانوي: التنين 2,,,,,,,,,,,
d687c569-da22-45fd-82bd-771c45cb0393,2375456760,HyakuryuSkill_102_Name,第二属性【龍】Ⅲ,Secondary: Dragon III,Sec. : Dragon III,Secon.: Drago III,Sekundär: Drache III,Secund.: draco III,Доп.: дракон III,Drugorz.: Smok III,,,Secund.: Dragão III,제2속성【용】Ⅲ,第二屬性【龍】Ⅲ,第二属性【龙】Ⅲ,,,,,,,,ثانوي: التنين 3,,,,,,,,,,,
c7d99a0b-fe13-4d5d-b15c-979cd21f730a,2648109291,HyakuryuSkill_103_Name,竜杭砲強化,Wyrmstake Boost,Bonus Wyvernator,Bonus cannone wyvern,WyrmstakeKanoneBonus,Bonus derribawyverns,Ус. Разреза виверны,Wzmoc. wiwernonisz.,,,Ref. Serperfurador,용항포 강화,龍杭砲強化,龙杭炮强化,,,,,,,,معزز ويرمستايك,,,,,,,,,,,
b12c3af8-aff5-4fd1-ba67-b369833cf284,2544186678,HyakuryuSkill_104_Name,砲撃変更【通常型】Ⅰ,Shelling: Normal I,Tirs normaux,Colpo: Normale I,Beschuss: Normal I,Munición: normal I,Выстрел: обычный I,Ostrzał: normalny I,,,Morteiro: Normal I,포격변경【일반형】Ⅰ,變更砲擊【通常型】Ⅰ,变更炮击【通常型】Ⅰ,,,,,,,,القصف: عادي 1,,,,,,,,,,,
a1ff7a88-c6fd-4ca6-8f44-adc6c9b26e29,516470821,HyakuryuSkill_105_Name,砲撃変更【通常型】Ⅱ,Shelling: Normal II,Tirs normaux II,Colpo: Normale II,Beschuss: Normal II,Munición: normal II,Выстрел: обычный II,Ostrzał: normalny II,,,Morteiro: Normal II,포격변경【일반형】Ⅱ,變更砲擊【通常型】Ⅱ,变更炮击【通常型】Ⅱ,,,,,,,,القصف: عادي 2,,,,,,,,,,,
e73136ab-bcb7-4fc7-90cf-f7dc2ad6d892,2378422551,HyakuryuSkill_106_Name,砲撃変更【通常型】Ⅲ,Shelling: Normal III,Tirs normaux III,Colpo: Normale III,Beschuss: Normal III,Munición: normal III,Выстрел: обычный III,Ostrzał: normal. III,,,Morteiro: Normal III,포격변경【일반형】Ⅲ,變更砲擊【通常型】Ⅲ,变更炮击【通常型】Ⅲ,,,,,,,,القصف: عادي 3,,,,,,,,,,,
70b9925b-115f-41cd-936b-f77ad93a1b0e,3006527962,HyakuryuSkill_107_Name,砲撃変更【放射型】Ⅰ,Shelling: Long I,Tirs longs,Colpo: Perforante I,Beschuss: Lang I,Munición: larga I,Выстрел: долгий I,Ostrzał: daleki I,,,Morteiro: Longo I,포격변경【방사형】Ⅰ,變更砲擊【放射型】Ⅰ,变更炮击【放射型】Ⅰ,,,,,,,,القصف: طويل 1,,,,,,,,,,,
0b323f4d-ded1-448f-9750-1765d1393887,2603296532,HyakuryuSkill_108_Name,砲撃変更【放射型】Ⅱ,Shelling: Long II,Tirs longs II,Colpo: Perforante II,Beschuss: Lang II,Munición: larga II,Выстрел: долгий II,Ostrzał: daleki II,,,Morteiro: Longo II,포격변경【방사형】Ⅱ,變更砲擊【放射型】Ⅱ,变更炮击【放射型】Ⅱ,,,,,,,,القصف: طويل 2,,,,,,,,,,,
9f22ecbb-3b75-4e34-b6ef-c9e16c995fa5,1829674683,HyakuryuSkill_109_Name,砲撃変更【放射型】Ⅲ,Shelling: Long III,Tirs longs III,Colpo: Perforan. III,Beschuss: Lang III,Munición: larga III,Выстрел: долгий III,Ostrzał: daleki III,,,Morteiro: Longo III,포격변경【방사형】Ⅲ,變更砲擊【放射型】Ⅲ,变更炮击【放射型】Ⅲ,,,,,,,,القصف: طويل 3,,,,,,,,,,,
4f368370-74b0-47ef-821a-d5d1a82f6cb4,3295703210,HyakuryuSkill_110_Name,砲撃変更【拡散型】Ⅰ,Shelling: Wide I,Tirs larges,Colpo: Ventaglio I,Beschuss: Weit I,Munición: área I,Выстрел: широкий I,Ostrzał: szeroki I,,,Morteiro: Largo I,포격변경【확산형】Ⅰ,變更砲擊【擴散型】Ⅰ,变更炮击【扩散型】Ⅰ,,,,,,,,القصف: واسع 1,,,,,,,,,,,
159dd2f4-e398-45d5-a87b-f22b177e1b9f,3494012851,HyakuryuSkill_111_Name,砲撃変更【拡散型】Ⅱ,Shelling: Wide II,Tirs larges II,Colpo: Ventaglio II,Beschuss: Weit II,Munición: área II,Выстрел: широкий II,Ostrzał: szeroki II,,,Morteiro: Largo II,포격변경【확산형】Ⅱ,變更砲擊【擴散型】Ⅱ,变更炮击【扩散型】Ⅱ,,,,,,,,القصف: واسع 2,,,,,,,,,,,
8c0c7d99-6244-4d58-af78-0d63068a433b,46414785,HyakuryuSkill_112_Name,砲撃変更【拡散型】Ⅲ,Shelling: Wide III,Tirs larges III,Colpo: Ventaglio III,Beschuss: Weit III,Munición: área III,Выстрел: широкий III,Ostrzał: szeroki III,,,Morteiro: Largo III,포격변경【확산형】Ⅲ,變更砲擊【擴散型】Ⅲ,变更炮击【扩散型】Ⅲ,,,,,,,,القصف: واسع 3,,,,,,,,,,,
65b13335-f003-4d21-aea4-6c566dd49f6a,73196581,HyakuryuSkill_113_Name,旋律変更【攻撃】Ⅰ,Attack Melody I,Mélodie attaque,Melodia d'attacco I,Angriffsmelodie I,Melodía ofensiva I,Мелодия атаки I,Melodia ataku I,,,Melodia de Ataque I,선율 변경【공격】Ⅰ,變更旋律【攻擊】Ⅰ,变更旋律【攻击】Ⅰ,,,,,,,,لحن الهجوم 1,,,,,,,,,,,
99eef10e-1a49-4410-b734-03560ea19ec3,2926923983,HyakuryuSkill_114_Name,旋律変更【攻撃】Ⅱ,Attack Melody II,Mélodie attaque II,Melodia d'attacco II,Angriffsmelodie II,Melodía ofensiva II,Мелодия атаки II,Melodia ataku II,,,Melodia de Ataque II,선율 변경【공격】Ⅱ,變更旋律【攻擊】Ⅱ,变更旋律【攻击】Ⅱ,,,,,,,,لحن الهجوم 2,,,,,,,,,,,
beb7e4f7-96b9-47c0-8c58-2bdc1615c26f,3191445752,HyakuryuSkill_115_Name,旋律変更【防御】Ⅰ,Defensive Melody I,Mélodie défense,Melodia difensiva I,Defensivmelodie I,Melodía defensiva I,Мелодия защиты I,Melodia obrony I,,,Melodia de Defesa I,선율 변경【방어】Ⅰ,變更旋律【防禦】Ⅰ,变更旋律【防御】Ⅰ,,,,,,,,لحن الدفاع 1,,,,,,,,,,,
2b97f41e-b65a-4cdb-8b93-092ccee66826,3048108611,HyakuryuSkill_116_Name,旋律変更【防御】Ⅱ,Defensive Melody II,Mélodie défense II,Melodia difensiva II,Defensivmelodie II,Melodía defensiva II,Мелодия защиты II,Melodia obrony II,,,Melodia de Defesa II,선율 변경【방어】Ⅱ,變更旋律【防禦】Ⅱ,变更旋律【防御】Ⅱ,,,,,,,,لحن الدفاع 2,,,,,,,,,,,
37f3bc48-95f3-452c-bc12-7cc952eb3315,150862602,HyakuryuSkill_117_Name,旋律変更【回復】Ⅰ,Healing Melody I,Mélodie soin,Melodia curativa I,Heilmelodie I,Melodía curativa I,Мелодия лечения I,Melodia uzdraw. I,,,Melodia de Cura I,선율 변경【회복】Ⅰ,變更旋律【回復】Ⅰ,变更旋律【回复】Ⅰ,,,,,,,,لحن الشفاء 1,,,,,,,,,,,
db40a88a-beed-4dda-b117-9d4da54dcbdb,2433515081,HyakuryuSkill_118_Name,旋律変更【回復】Ⅱ,Healing Melody II,Mélodie soin II,Melodia curativa II,Heilmelodie II,Melodía curativa II,Мелодия лечения II,Melodia uzdraw. II,,,Melodia de Cura II,선율 변경【회복】Ⅱ,變更旋律【回復】Ⅱ,变更旋律【回复】Ⅱ,,,,,,,,لحن الشفاء 2,,,,,,,,,,,
22a38823-184c-4384-a26b-d6eab664f65a,4245146023,HyakuryuSkill_119_Name,旋律変更【頑強】Ⅰ,Resilient Melody I,Mélodie ténacité,Melodia coriacea I,Widerstandmelodie I,Melodía de dureza I,Мелодия сопротив. I,Melodia odporn. I,,,Melodia Resiliente I,선율 변경【완강】Ⅰ,變更旋律【強韌】Ⅰ,变更旋律【顽强】Ⅰ,,,,,,,,اللحن المرن 1,,,,,,,,,,,
ec3f7cda-1f04-4c6c-a87a-e57964940873,565530633,HyakuryuSkill_120_Name,旋律変更【頑強】Ⅱ,Resilient Melody II,Mélodie ténacité II,Melodia coriacea II,Widerstandmelodie II,Melodía de dureza II,Мелодия сопротив. II,Melodia odporn. II,,,Melod. Resiliente II,선율 변경【완강】Ⅱ,變更旋律【強韌】Ⅱ,变更旋律【顽强】Ⅱ,,,,,,,,اللحن المرن 2,,,,,,,,,,,
010832d2-4a20-4b3b-b084-41e07842a494,1175562626,HyakuryuSkill_121_Name,装着ビン強化,Boost Equipped Coating,Bonus fiole équipée,Potenzia rivest. eq.,Beschichtungs-Bonus,Bonus vial equipado,Улучшение покрытия,Wzmoc. używ. powłokę,,,Impul. Reves. Equip.,장착 병 강화,裝備瓶強化,装备瓶强化,,,,,,,,أغطية مزودة بمعزز,,,,,,,,,,,
f81bf949-e187-4a90-993f-327cbdf02fc4,240512657,HyakuryuSkill_122_Name,ビン変更【強撃】,Phial: Power,Fiole : Force,Boccetta: potenza,Phiole: Kraft,Vial: potencia,Склянка: Сила,Fiolka: Moc,,,Frasco: Tipo de Frasco,병 변경【강격】,變更瓶【強擊】,变更瓶【强击】,,,,,,,,القارورة: القوة,,,,,,,,,,,
f37ba958-9e4d-4759-ae77-58e7860fec41,3140266511,HyakuryuSkill_123_Name,ビン変更【強属性】,Phial: Element,Fiole : Élément,Boccetta: elementale,Phiole: Element,Vial: elemental,Склянка: Стихия,Fiolka: Żywioł,,,Frasco: Elemento,병 변경【강속성】,變更瓶【強屬性】,变更瓶【强属性】,,,,,,,,القارورة: العنصر,,,,,,,,,,,
95fe5c90-ed05-4704-b3f5-0e493271714b,1900493974,HyakuryuSkill_124_Name,ビン変更【麻痺】Ⅰ,Phial: Paralysis I,Fiole : Paralysie,Boccetta: paralisi I,Phiole: Lähmung I,Vial: parálisis I,Склянка: Паралич 1,Fiolka: Paraliż I,,,Frasco: Paralisia I,병 변경【마비】Ⅰ,變更瓶【麻痺】Ⅰ,变更瓶【麻痹】Ⅰ,,,,,,,,القارورة: الشلل 1,,,,,,,,,,,
6f8dc07f-bd1c-4aa5-8b48-578ee3dd2ad0,440932639,HyakuryuSkill_125_Name,ビン変更【麻痺】Ⅱ,Phial: Paralysis II,Fiole : Paralysie II,Boccetta: paral. II,Phiole: Lähmung II,Vial: parálisis II,Склянка: Паралич 2,Fiolka: Paraliż II,,,Frasco: Paralisia II,병 변경【마비】Ⅱ,變更瓶【麻痺】Ⅱ,变更瓶【麻痹】Ⅱ,,,,,,,,القارورة: الشلل 2,,,,,,,,,,,
431d87cc-33d6-4122-8600-50416c9978ed,1747891272,HyakuryuSkill_126_Name,ビン変更【麻痺】Ⅲ,Phial: Paralysis III,Fiole : Paral. III,Boccetta: paral. III,Phiole: Lähmung III,Vial: parálisis III,Склянка: Паралич 3,Fiolka: Paraliż III,,,Frasco: Paralisia III,병 변경【마비】Ⅲ,變更瓶【麻痺】Ⅲ,变更瓶【麻痹】Ⅲ,,,,,,,,القارورة: الشلل 3,,,,,,,,,,,
1f62efbf-f9c7-4f2b-b0d0-53ad11545cfe,1358775193,HyakuryuSkill_127_Name,ビン変更【毒】Ⅰ,Phial: Poison I,Fiole : Poison,Boccetta: veleno I,Phiole: Gift I,Vial: veneno I,Склянка: Отравл. 1,Fiolka: Trucizna I,,,Frasco: Veneno I,병 변경【독】Ⅰ,變更瓶【毒】Ⅰ,变更瓶【毒】Ⅰ,,,,,,,,القارورة: السم 1,,,,,,,,,,,
7cb24d6a-832f-4ff2-8157-a084f944f311,1282539075,HyakuryuSkill_128_Name,ビン変更【毒】Ⅱ,Phial: Poison II,Fiole : Poison II,Boccetta: veleno II,Phiole: Gift II,Vial: veneno II,Склянка: Отравл. 2,Fiolka: Trucizna II,,,Frasco: Veneno II,병 변경【독】Ⅱ,變更瓶【毒】Ⅱ,变更瓶【毒】Ⅱ,,,,,,,,القارورة: السم 2,,,,,,,,,,,
85feba3d-b25c-4e76-9351-6ba4bef1853e,1808818359,HyakuryuSkill_129_Name,ビン変更【毒】Ⅲ,Phial: Poison III,Fiole : Poison III,Boccetta: veleno III,Phiole: Gift III,Vial: veneno III,Склянка: Отравл. 3,Fiolka: Trucizna III,,,Frasco: Veneno III,병 변경【독】Ⅲ,變更瓶【毒】Ⅲ,变更瓶【毒】Ⅲ,,,,,,,,القارورة: السم 3,,,,,,,,,,,
53e2bc58-be0f-440c-8d16-3cfbf52d428b,1485527783,HyakuryuSkill_130_Name,ビン変更【滅龍】Ⅰ,Phial: Dragon I,Fiole : Dragon,Boccetta: drago I,Phiole: Drache I,Vial: draco I,Склянка: Дракон 1,Fiolka: Smok I,,,Frasco: Dragão I,병 변경【멸룡】Ⅰ,變更瓶【滅龍】Ⅰ,变更瓶【灭龙】Ⅰ,,,,,,,,القارورة: التنين 1,,,,,,,,,,,
7597157c-23f5-45c8-8456-2abb75e904c9,1415994704,HyakuryuSkill_131_Name,ビン変更【滅龍】Ⅱ,Phial: Dragon II,Fiole : Dragon II,Boccetta: drago II,Phiole: Drache II,Vial: draco II,Склянка: Дракон 2,Fiolka: Smok II,,,Frasco: Dragão II,병 변경【멸룡】Ⅱ,變更瓶【滅龍】Ⅱ,变更瓶【灭龙】Ⅱ,,,,,,,,القارورة: التنين 2,,,,,,,,,,,
c99104da-845c-41cd-a06f-043d385ffd55,4131551992,HyakuryuSkill_132_Name,ビン変更【滅龍】Ⅲ,Phial: Dragon III,Fiole : Dragon III,Boccetta: drago III,Phiole: Drache III,Vial: draco III,Склянка: Дракон 3,Fiolka: Smok III,,,Frasco: Dragão III,병 변경【멸룡】Ⅲ,變更瓶【滅龍】Ⅲ,变更瓶【灭龙】Ⅲ,,,,,,,,القارورة: التنين 3,,,,,,,,,,,
76e98a04-71eb-48ef-ba9e-fd8570670a35,2937327656,HyakuryuSkill_133_Name,ビン変更【減気】Ⅰ,Phial: Exhaust I,Fiole : Léthargie,Boccetta: fatica I,Phiole: Ermüdung I,Vial: fatiga I,Склянка: Истощение 1,Fiolka: Wyczerp. I,,,Frasco: Exaustão I,병 변경【멸기】Ⅰ,變更瓶【減氣】Ⅰ,变更瓶【减气】Ⅰ,,,,,,,,القارورة: الجهد 1,,,,,,,,,,,
fe70e9ec-b377-4d53-b292-a9dceba69b22,3167768806,HyakuryuSkill_134_Name,ビン変更【減気】Ⅱ,Phial: Exhaust II,Fiole : Léthargie II,Boccetta: fatica II,Phiole: Ermüdung II,Vial: fatiga II,Склянка: Истощение 2,Fiolka: Wyczerp. II,,,Frasco: Exaustão II,병 변경【멸기】Ⅱ,變更瓶【減氣】Ⅱ,变更瓶【减气】Ⅱ,,,,,,,,القارورة: الجهد 2,,,,,,,,,,,
701e916c-f893-4b4e-9783-04e475ce758b,721083206,HyakuryuSkill_135_Name,ビン変更【減気】Ⅲ,Phial: Exhaust III,Fiole : Létharg. III,Boccetta: fatica III,Phiole: Ermüdung III,Vial: fatiga III,Склянка: Истощение 3,Fiolka: Wyczerp. III,,,Frasco: Exaustão III,병 변경【멸기】Ⅲ,變更瓶【減氣】Ⅲ,变更瓶【减气】Ⅲ,,,,,,,,القارورة: الجهد 3,,,,,,,,,,,
8a9e9f71-5cfa-49b1-8758-92c1555f314d,2210926527,HyakuryuSkill_136_Name,ビン変更【強属性】,Phial: Element,Fiole : Élément,Boccetta: elementale,Phiole: Element,Vial: elemental,Склянка: Стихия,Fiolka: Żywioł,,,Frasco: Elemento,병 변경【강속성】,變更瓶【強屬性】,变更瓶【强属性】,,,,,,,,القارورة: العنصر,,,,,,,,,,,
b718b8f5-6ba4-4ab3-87a1-05130ec76e17,661248465,HyakuryuSkill_137_Name,猟虫Ｌｖ強化,Kinsect Level Boost,Bonus niv. Kin.,Bonus lv. kinsetto,Kinsekten-St.-Bonus,Bonus nv. kinsecto,Повыш. ур. Кинсекта,Zwiększ. poz. kins.,,,Aum. Nv. Kinseto,사냥벌레 Lv 강화,獵蟲Lv強化,猎虫等级强化,,,,,,,,معزز مستوى كينسيكت,,,,,,,,,,,
dea48284-a99c-4a60-a617-8ee9d818b9fc,2206637388,HyakuryuSkill_138_Name,猟虫Ｌｖ強化Ⅰ,Kinsect Level Boost I,Bonus niv. Kin.,Bonus lv. kinsetto I,Kinsekten-St.-BonusI,Bonus nv. kinsecto I,Повыш. ур. Кинс. I,Zwięk. poz. kins. I,,,Aum. Nv. Kinseto I,사냥벌레 Lv 강화Ⅰ,獵蟲Lv強化Ⅰ,猎虫等级强化Ⅰ,,,,,,,,معزز مستوى كينسيكت 1,,,,,,,,,,,
7587b22c-95ff-4278-8f82-086e57d50da6,3395766722,HyakuryuSkill_139_Name,猟虫Ｌｖ強化Ⅱ,Kinsect Level Boost II,Bonus niv. Kin. II,Bonus lv. kins. II,KinsektenSt.-BonusII,Bon. nv. kinsecto II,Повыш. ур. Кинс. II,Zwięk. poz. kins. II,,,Aum. Nv. Kinseto II,사냥벌레 Lv 강화Ⅱ,獵蟲Lv強化Ⅱ,猎虫等级强化Ⅱ,,,,,,,,معزز مستوى كينسكت 2,,,,,,,,,,,
4d5e5262-10c4-4a5b-b427-85fa3284e986,67124612,HyakuryuSkill_140_Name,猟虫Ｌｖ強化Ⅲ,Kinsect Level Boost III,Bonus niv. Kin. III,Bonus lv. kins. III,KinsektenSt.BonusIII,B. nv. kinsecto III,Повыш. ур. Кинс. III,Zw. poz. kins. III,,,Aum. Nv. Kinseto III,사냥벌레 Lv 강화Ⅲ,獵蟲Lv強化Ⅲ,猎虫等级强化Ⅲ,,,,,,,,معزز مستوى كينسكت 3,,,,,,,,,,,
23f9c974-6806-43de-bc81-73e411137cee,2474294891,HyakuryuSkill_141_Name,猟虫Ｌｖ強化Ⅳ,Kinsect Level Boost IV,Bonus niv. Kin. IV,Bonus lv. kins. VI,KinsektenSt.-BonusVI,Bonus nivel kinsecto IV,Повыш. ур. Кинс. IV,Zwięk. poz. kins. IV,,,Aum. Nv. Kinseto IV,사냥벌레 Lv 강화Ⅳ,獵蟲Lv強化Ⅳ,猎虫等级强化Ⅳ,,,,,,,,معزز مستوى كينسكت 4,,,,,,,,,,,
5486fbf5-3f36-4dcc-bbaa-f49eb1e7c252,1615864759,HyakuryuSkill_142_Name,反動軽減強化,Recoil Down Boost,Bonus recul,Bonus rid. rinculo,RückstoßdämpferBonus,Bonus cadencia,Снижение отдачи,Wzm. mniej. odrzutu,,,Aum. Red. de Recuo,반동 경감 강화,後座力減輕強化,减轻后坐力强化,,,,,,,,معزز تقليل الارتداد,,,,,,,,,,,
60eb9992-8593-4a0b-a833-8fbe3b28f6c6,1666176787,HyakuryuSkill_143_Name,リロード速度強化,Reload Speed Boost,Bonus vit. recharge.,Bonus vel. ricarica,Nachladetempo-Bonus,Bonus vel. recarga,Ускор. перезарядки,Wzmoc. szybk. przeł.,,,Aum. Vel. de Recarga,리로드 속도 강화,裝填速度強化,装填速度强化,,,,,,,,معزز سرعة التلقيم,,,,,,,,,,,
f92f1e92-3fce-4f35-89aa-c7f09a6fde0b,1619939169,HyakuryuSkill_144_Name,ブレ抑制強化,Steadiness Boost,Bonus sniper,Bonus precisione,Zielsicherheit-Bonus,Bonus estabilidad,Усиление твердости,Wzmocnienie stałości,,,Aumento de Firmeza,흔들림 억제 강화,抑制偏移強化,抑制偏移强化,,,,,,,,معزز الثبات,,,,,,,,,,,
2cf6db08-24ec-4010-a4b0-953d7ed293c5,3966545545,HyakuryuSkill_145_Name,反動軽減激化,Recoil Down Surge,Hausse recul,Super rid. rinculo,Rückstoßdämpfer-Woge,Aumento de cadencia,Рез. cниж. отдачи,Prz. mniej. odrzutu,,,Surto Red. de Recuo,반동 경감 격화,後座力減輕大強化,减轻后坐力激化,,,,,,,,زيادة تقليل الارتداد,,,,,,,,,,,
613a4e88-b054-4497-aeb5-3d8b14084156,3031043121,HyakuryuSkill_146_Name,リロード速度激化,Reload Speed Surge,Hausse vit. recharg.,Super vel. ricarica,Nachladetempo-Woge,Aumento vel. recarga,Рез. ускор. перезар.,Przypł. szyb. przeł.,,,Surto Vel. Recarga,리로드 속도 격화,裝填速度大強化,装填速度激化,,,,,,,,زيادة سرعة التلقيم,,,,,,,,,,,
ae36989f-bbf3-4f95-8331-a97022895536,1142601311,HyakuryuSkill_147_Name,ブレ抑制激化,Steadiness Surge,Hausse sniper,Super precisione,Zielsicherheits-Woge,Aumento estabilidad,Всплеск твердости,Przypływ stałości,,,Surto de Firmeza,흔들림 억제 격화,抑制偏移大強化,抑制偏移激化,,,,,,,,زيادة الثبات,,,,,,,,,,,
0e8795d9-9350-4bdf-8f28-d32d3f144179,2553667338,HyakuryuSkill_148_Name,通常弾追加Ⅰ,Normal Effect I,Effet normal,Effetto normale I,Normaler Effekt I,Efecto normal I,Обычный эффект I,Normalny efekt I,,,Efeito Normal I,통상탄 추가Ⅰ,通常彈追加Ⅰ,通常弹追加Ⅰ,,,,,,,,التأثير العادي 1,,,,,,,,,,,
f8180f17-5754-4631-9cbd-7876f29c4d28,3374017664,HyakuryuSkill_149_Name,通常弾追加Ⅱ,Normal Effect II,Effet normal II,Effetto normale II,Normaler Effekt II,Efecto normal II,Обычный эффект II,Normalny efekt II,,,Efeito Normal II,통상탄 추가Ⅱ,通常彈追加Ⅱ,通常弹追加Ⅱ,,,,,,,,التأثير العادي 2,,,,,,,,,,,
eecb01f2-8099-45ef-9211-7cdd04c217bd,1740775734,HyakuryuSkill_150_Name,貫通弾追加Ⅰ,Pierce Effect I,Effet perforant,Effetto perforante I,Perforier-Effekt I,Efecto perforante I,Проник. эффект I,Efekt przebijania I,,,Efeito Perfurante I,관통탄 추가Ⅰ,貫通彈追加Ⅰ,贯穿弹追加Ⅰ,,,,,,,,تأثير الخرق 1,,,,,,,,,,,
9c46eff9-ae8b-498f-8a1b-e596fd76f342,1481671825,HyakuryuSkill_151_Name,貫通弾追加Ⅱ,Pierce Effect II,Effet perforant II,Effetto perfor. II,Perforier-Effekt II,Efecto perforante II,Проник. эффект II,Efekt przebijania II,,,Efeito Perfurante II,관통탄 추가Ⅱ,貫通彈追加Ⅱ,贯穿弹追加Ⅱ,,,,,,,,تأثير الخرق 2,,,,,,,,,,,
9bf7d69a-133b-43de-8a9a-bfa5929f9f42,1777238093,HyakuryuSkill_152_Name,散弾追加Ⅰ,Spread Effect I,Effet grenaille,Effetto ventaglio I,Schrot-Effekt I,Efecto abanico I,Эффект разброса 1,Efekt rozrzutowy I,,,Efeito Dispersão I,산탄 추가Ⅰ,散彈追加Ⅰ,散弹追加Ⅰ,,,,,,,,تأثير الانتشار 1,,,,,,,,,,,
3e112227-44bc-4944-a11c-63c0f98d50ad,3356352577,HyakuryuSkill_153_Name,散弾追加Ⅱ,Spread Effect II,Effet grenaille II,Effetto ventaglio II,Schrot-Effekt II,Efecto abanico II,Эффект разброса 2,Efekt rozrzutowy II,,,Efeito Dispersão II,산탄 추가Ⅱ,散彈追加Ⅱ,散弹追加Ⅱ,,,,,,,,تأثير الانتشار 2,,,,,,,,,,,
0157bfc5-f9ff-45d5-ac5a-49c31d0fc573,3928204743,HyakuryuSkill_154_Name,放散弾追加Ⅰ,Shrapnel Effect I,Effet shrapnel,Effetto framment. I,Schrapnell-Effekt I,Efecto metralla I,Эффект шрапнели I,Efekt odłamków I,,,Efeito Estilhaço I,방산탄 추가Ⅰ,放射彈追加Ⅰ,放散弹追加Ⅰ,,,,,,,,تأثير الشظايا 1,,,,,,,,,,,
e7104fcb-83ab-47d4-91d0-617f13520432,1275539189,HyakuryuSkill_155_Name,放散弾追加Ⅱ,Shrapnel Effect II,Effet shrapnel II,Effetto framment. II,Schrapnell-Effekt II,Efecto metralla II,Эффект шрапнели II,Efekt odłamków II,,,Efeito Estilhaço II,방산탄 추가Ⅱ,放射彈追加Ⅱ,放散弹追加Ⅱ,,,,,,,,تأثير الشظايا 2,,,,,,,,,,,
e10de700-ca98-4b7e-99e8-7afc7ed1bb83,3462660572,HyakuryuSkill_156_Name,徹甲榴弾追加Ⅰ,Sticky Effect I,Eff. antiblindage,Effetto esplosivo I,Detonation-Effekt I,Efecto explosivo I,Липкий эффект 1,Efekt przylepny I,,,Efeito Pegajoso I,철갑유탄 추가Ⅰ,徹甲榴彈追加Ⅰ,穿甲榴弹追加Ⅰ,,,,,,,,التأثير اللزج 1,,,,,,,,,,,
63e45f2b-6d8c-42be-bee6-24bf112a8463,3486405111,HyakuryuSkill_157_Name,徹甲榴弾追加Ⅱ,Sticky Effect II,Eff. antiblindage II,Effetto esplosivo II,Detonation-Effekt II,Efecto explosivo II,Липкий эффект 2,Efekt przylepny II,,,Efeito Pegajoso II,철갑유탄 추가Ⅱ,徹甲榴彈追加Ⅱ,穿甲榴弹追加Ⅱ,,,,,,,,التأثير اللزج 2,,,,,,,,,,,
db7ab09c-7716-4700-b5bf-7bd615bb9f1f,2650104902,HyakuryuSkill_158_Name,拡散弾追加Ⅰ,Cluster Effect I,Effet fragment.,Effetto grappolo I,Streu-Effekt I,Efecto racimo I,Осколочный эффект I,Efekt kasetowy I,,,Efeito de Fragm. I,확산탄 추가Ⅰ,擴散彈追加Ⅰ,扩散弹追加Ⅰ,,,,,,,,التأثير العنقودي 1,,,,,,,,,,,
12fd8ebb-810a-4f8e-b6e3-d4929eab2dad,3708484917,HyakuryuSkill_159_Name,拡散弾追加Ⅱ,Cluster Effect II,Effet fragment. II,Effetto grappolo II,Streu-Effekt II,Efecto racimo II,Осколочный эффект II,Efekt kasetowy II,,,Efeito de Fragm. II,확산탄 추가Ⅱ,擴散彈追加Ⅱ,扩散弹追加Ⅱ,,,,,,,,التأثير العنقودي 2,,,,,,,,,,,
4971d027-20da-41de-9211-e5c6b100bfc2,3216943669,HyakuryuSkill_160_Name,通常弾増加Ⅰ,Add: Normal Ammo I,Ajout Normal,Agg.: P normali I,Hinzufügen: Normal I,Añade: D normal nv1,Доп.: обыч. снар. I,Dodaj: amun. norm. I,,,Adi.: Mun. Normal I,통상탄 증가Ⅰ,通常彈增加Ⅰ,通常弹增加Ⅰ,,,,,,,,إضافة: ذخيرة عادية 1,,,,,,,,,,,
c54469fa-088b-4984-bc93-d6a58e505aaf,1081988920,HyakuryuSkill_161_Name,通常弾増加Ⅱ,Add: Normal Ammo II,Ajout Normal II,Agg.: P normali II,Hinzufügen:Normal II,Añade: D normal nv2,Доп.: обыч. снар. II,Dodaj: amun. nor. II,,,Adi.: Mun. Normal II,통상탄 증가Ⅱ,通常彈增加Ⅱ,通常弹增加Ⅱ,,,,,,,,أضف: ذخيرة عادية 2,,,,,,,,,,,
3a21316c-5cec-43ff-be76-de117a382f27,2276027022,HyakuryuSkill_162_Name,貫通弾増加Ⅰ,Pierce Effect I,Effet perforant,Effetto perfor. I,Perforier-Effekt I,Efecto perforante I,Проник. эффект I,Efekt przebijania I,,,Efeito Perfurante I,관통탄 증가Ⅰ,貫通彈增加Ⅰ,贯穿弹增加Ⅰ,,,,,,,,تأثير الخرق 1,,,,,,,,,,,
f4ec0d3e-842c-434d-9322-09796b08b8f7,3969797080,HyakuryuSkill_163_Name,貫通弾増加Ⅱ,Pierce Effect II,Effet perforant II,Effetto perfor. II,Perforier-Effekt II,Efecto perforante II,Проник. эффект II,Efekt przebijania II,,,Efeito Perfurante II,관통탄 증가Ⅱ,貫通彈增加Ⅱ,贯穿弹增加Ⅱ,,,,,,,,تأثير الخرق 2,,,,,,,,,,,
da10b69a-6b6f-4265-b0f0-ac962c3da9e1,97074550,HyakuryuSkill_164_Name,散弾増加Ⅰ,Spread Effect I,Effet grenaille,Effetto ventaglio I,Schrot-Effekt I,Efecto abanico I,Эффект разброса 1,Efekt rozrzutowy I,,,Efeito Dispersão I,산탄 증가Ⅰ,散彈增加Ⅰ,散弹增加Ⅰ,,,,,,,,تأثير الانتشار 1,,,,,,,,,,,
e1905a8f-a74c-4c50-942b-f39a93150665,4269681701,HyakuryuSkill_165_Name,散弾増加Ⅱ,Spread Effect II,Effet grenaille II,Effetto ventaglio II,Schrot-Effekt II,Efecto abanico II,Эффект разброса 2,Efekt rozrzutowy II,,,Efeito Dispersão II,산탄 증가Ⅱ,散彈增加Ⅱ,散弹增加Ⅱ,,,,,,,,تأثير الانتشار 2,,,,,,,,,,,
6dcfb995-3ee3-4e9f-8b67-5bb500bf7ea3,3484709557,HyakuryuSkill_166_Name,放散弾増加Ⅰ,Shrapnel Effect I,Effet shrapnel,Effetto framment. I,Schrapnell-Effekt I,Efecto metralla I,Эффект шрапнели I,Efekt odłamków I,,,Efeito Estilhaço I,방산탄 증가Ⅰ,放射彈增加Ⅰ,放散弹增加Ⅰ,,,,,,,,تأثير الشظايا 1,,,,,,,,,,,
fcfd9b96-f113-4988-a7fd-a84b742eced1,3803705807,HyakuryuSkill_167_Name,放散弾増加Ⅱ,Shrapnel Effect II,Effet shrapnel II,Effetto framment. II,Schrapnell-Effekt II,Efecto metralla II,Эффект шрапнели II,Efekt odłamków II,,,Efeito Estilhaço II,방산탄 증가Ⅱ,放射彈增加Ⅱ,放散弹增加Ⅱ,,,,,,,,تأثير الشظايا 2,,,,,,,,,,,
ed89586d-8e20-4f33-8c0e-06f26a37c345,1508889368,HyakuryuSkill_168_Name,徹甲/拡散弾増加Ⅰ,Sticky/Cluster Effect I,Eff. antibl./frag.,Eff. grap./espl. I,Deton.- / Streu-Effekt I,Ef. expl./racimo I,Липкий/оск. эффект 1,Efekt przylep./kasetowy I,,,Efeito Pegaj./Frag. I,철갑/확산탄 증가Ⅰ,徹甲/擴散彈增加Ⅰ,穿甲/扩散弹增加Ⅰ,,,,,,,,تأثير لزج/عنقودي 1,,,,,,,,,,,
9437c11e-5cd7-45e0-b4b4-c637647816c2,1143482966,HyakuryuSkill_169_Name,徹甲/拡散弾増加Ⅱ,Sticky/Cluster Effect II,Eff. antibl./frag. II,Eff. grap./espl. II,Deton.- / Streu-Effekt II,Ef. explosivo/racimo II,Липкий/оск. эффект 2,Efekt przylep./kasetowy II,,,Efeito Pegajoso/Frag. II,철갑/확산탄 증가Ⅱ,徹甲/擴散彈增加Ⅱ,穿甲/扩散弹增加Ⅱ,,,,,,,,تأثير لزج/عنقودي 2,,,,,,,,,,,
31328d43-68f5-4e2e-8239-195c72075626,2713900285,HyakuryuSkill_170_Name,火属性弾増加Ⅰ,Fire Effect I,Effet Feu,Effetto fuoco I,Feuer-Effekt I,Efecto fuego I,Эффект огня I,Efekt ognia I,,,Efeito Fogo I,불속성탄 증가Ⅰ,火屬性彈增加Ⅰ,火属性弹增加Ⅰ,,,,,,,,تأثير إطلاق نار 1,,,,,,,,,,,
29a6ce77-1f1c-4ef9-8f05-2f7a3e5290ee,3780603833,HyakuryuSkill_171_Name,火属性弾増加Ⅱ,Fire Effect II,Effet Feu II,Effetto fuoco II,Feuer-Effekt II,Efecto fuego II,Эффект огня II,Efekt ognia II,,,Efeito Fogo II,불속성탄 증가Ⅱ,火屬性彈增加Ⅱ,火属性弹增加Ⅱ,,,,,,,,تأثير إطلاق نار 2,,,,,,,,,,,
4c1bfe43-f2f4-4978-8209-e2bec8d4ce14,4258218685,HyakuryuSkill_172_Name,水属性弾増加Ⅰ,Water Effect I,Effet Eau,Effetto acqua I,Wasser-Effekt I,Efecto agua I,Эффект воды I,Efekt wody I,,,Efeito Água I,물속성탄 증가Ⅰ,水屬性彈增加Ⅰ,水属性弹增加Ⅰ,,,,,,,,تأثير الماء 1,,,,,,,,,,,
ed49dc0c-168d-4f1b-9be3-6566656de39a,4047621198,HyakuryuSkill_173_Name,水属性弾増加Ⅱ,Water Effect II,Effet Eau II,Effetto acqua II,Wasser-Effekt II,Efecto agua II,Эффект воды II,Efekt wody II,,,Efeito Água II,물속성탄 증가Ⅱ,水屬性彈增加Ⅱ,水属性弹增加Ⅱ,,,,,,,,تأثير الماء 2,,,,,,,,,,,
7de7fa7e-7b9d-4443-8e34-d1b8c573e3dc,2403606476,HyakuryuSkill_174_Name,雷属性弾増加Ⅰ,Thunder Effect I,Effet Foudre,Effetto tuono I,Donner-Effekt I,Efecto rayo I,Эффект грозы I,Efekt piorunów I,,,Efeito Raio I,번개속성탄 증가Ⅰ,雷屬性彈增加Ⅰ,雷属性弹增加Ⅰ,,,,,,,,تأثير الرعد 1,,,,,,,,,,,
f04fcc46-c8f3-42a5-bdc5-8b91029267a3,1231458676,HyakuryuSkill_175_Name,雷属性弾増加Ⅱ,Thunder Effect II,Effet Foudre II,Effetto tuono II,Donner-Effekt II,Efecto rayo II,Эффект грозы II,Efekt piorunów II,,,Efeito Raio II,번개속성탄 증가Ⅱ,雷屬性彈增加Ⅱ,雷属性弹增加Ⅱ,,,,,,,,تأثير الرعد 2,,,,,,,,,,,
83905329-e381-4385-acc7-fa50be907a2e,824276972,HyakuryuSkill_176_Name,氷属性弾増加Ⅰ,Ice Effect I,Effet Glace,Effetto ghiaccio I,Eis-Effekt I,Efecto hielo I,Эффект льда I,Efekt lodu I,,,Efeito Gelo I,얼음속성탄 증가Ⅰ,冰屬性彈增加Ⅰ,冰属性弹增加Ⅰ,,,,,,,,تأثير الثلج 1,,,,,,,,,,,
1cd8f9d0-6fb1-4839-bdf6-bec4bc285a45,3077420608,HyakuryuSkill_177_Name,氷属性弾増加Ⅱ,Ice Effect II,Effet Glace II,Effetto ghiaccio II,Eis-Effekt II,Efecto hielo II,Эффект льда II,Efekt lodu II,,,Efeito Gelo II,얼음속성탄 증가Ⅱ,冰屬性彈增加Ⅱ,冰属性弹增加Ⅱ,,,,,,,,تأثير الثلج 2,,,,,,,,,,,
b1473463-dd74-4f0f-8682-cb367c534a23,2716803649,HyakuryuSkill_178_Name,龍属性弾増加Ⅰ,Dragon Effect I,Effet Dragon,Effetto drago I,Drachen-Effekt I,Efecto draco I,Эффект дракона I,Efekt smoka I,,,Efeito Dragão I,용속성탄 증가Ⅰ,龍屬性彈增加Ⅰ,龙属性弹增加Ⅰ,,,,,,,,تأثير التنين 1,,,,,,,,,,,
d906f48e-c446-4ba6-af6f-dbcbc15a841a,3839387578,HyakuryuSkill_179_Name,龍属性弾増加Ⅱ,Dragon Effect II,Effet Dragon II,Effetto drago II,Drachen-Effekt II,Efecto draco II,Эффект дракона II,Efekt smoka II,,,Efeito Dragão II,용속성탄 증가Ⅱ,龍屬性彈增加Ⅱ,龙属性弹增加Ⅱ,,,,,,,,تأثير التنين 2,,,,,,,,,,,
e4754d1b-e25e-48ea-bdcc-ae70d9996c23,4057563916,HyakuryuSkill_180_Name,麻痺弾増加Ⅰ,Paralysis Effect I,Effet paralysie,Effetto paralisi I,Lähm-Effekt I,Efecto parálisis I,Эффект паралича I,Efekt paraliżu I,,,Efeito Paralisia I,마비탄 증가Ⅰ,麻痺彈增加Ⅰ,麻痹弹增加Ⅰ,,,,,,,,تأثير الشلل 1,,,,,,,,,,,
acad04f4-864e-49c6-9185-cee9f27fb485,1485257001,HyakuryuSkill_181_Name,麻痺弾増加Ⅱ,Paralysis Effect II,Effet paralysie II,Effetto paralisi II,Lähm-Effekt II,Efecto parálisis II,Эффект паралича II,Efekt paraliżu II,,,Efeito Paralisia II,마비탄 증가Ⅱ,麻痺彈增加Ⅱ,麻痹弹增加Ⅱ,,,,,,,,تأثير الشلل 2,,,,,,,,,,,
fac01ed2-d0ec-4eb5-927d-8967ebc19c52,3104093823,HyakuryuSkill_182_Name,睡眠弾増加Ⅰ,Sleep Effect I,Effet sommeil,Effetto sonno I,Schlaf-Effekt I,Efecto sueño I,Эффект сна I,Efekt snu I,,,Efeito Sono I,수면탄 증가Ⅰ,睡眠彈增加Ⅰ,睡眠弹增加Ⅰ,,,,,,,,تأثير النوم 1,,,,,,,,,,,
0790980c-43e0-41c1-bec2-83df91ea57a6,502651756,HyakuryuSkill_183_Name,睡眠弾増加Ⅱ,Sleep Effect II,Effet sommeil II,Effetto sonno II,Schlaf-Effekt II,Efecto sueño II,Эффект сна II,Efekt snu II,,,Efeito Sono II,수면탄 증가Ⅱ,睡眠彈增加Ⅱ,睡眠弹增加Ⅱ,,,,,,,,تأثير النوم 2,,,,,,,,,,,
afe7a503-994f-4f4b-88b9-b463c2e97489,2447058484,HyakuryuSkill_184_Name,弾複数増加【毒】Ⅰ,Poison Effect I,Effet poison,Effetto veleno I,Gift-Effekt I,Efecto veneno I,Эффект отравления I,Efekt trucizny I,,,Efeito Veneno I,탄 증가【독】Ⅰ,複數彈增加【毒】Ⅰ,多种弹增加【毒】Ⅰ,,,,,,,,تأثير السم 1,,,,,,,,,,,
4db31db3-6eec-481f-a57d-09256c3c93e8,809805071,HyakuryuSkill_185_Name,弾複数増加【毒】Ⅱ,Poison Effect II,Effet poison II,Effetto veleno II,Gift-Effekt II,Efecto veneno II,Эффект отравления II,Efekt trucizny II,,,Efeito Veneno II,탄 증가【독】Ⅱ,複數彈增加【毒】Ⅱ,多种弹增加【毒】Ⅱ,,,,,,,,تأثير السم 2,,,,,,,,,,,
71966c5f-d86c-4c53-8fa9-0f00ab8901f9,1696408309,HyakuryuSkill_186_Name,弾複数増加【減気】Ⅰ,Exhaust Effect I,Effet faiblesse,Effetto fatica I,Ermüdungs-Effekt I,Efecto fatiga I,Эффект усталости I,Efekt wyczerpania I,,,Efeito Exaustão I,탄 증가【멸기】Ⅰ,複數彈增加【減氣】Ⅰ,多种弹增加【减气】Ⅰ,,,,,,,,تأثير الجهد 1,,,,,,,,,,,
4f2c43ac-7ddf-45a4-abaf-0ab31c4ca548,3026705884,HyakuryuSkill_187_Name,弾複数増加【減気】Ⅱ,Exhaust Effect II,Effet faiblesse II,Effetto fatica II,Ermüdungs-Effekt II,Efecto fatiga II,Эффект усталости II,Efekt wyczerpania II,,,Efeito Exaustão II,탄 증가【멸기】Ⅱ,複數彈增加【減氣】Ⅱ,多种弹增加【减气】Ⅱ,,,,,,,,تأثير الجهد 2,,,,,,,,,,,
bc0e2a2e-f05b-4427-a244-0e06fab38cd7,1328758949,HyakuryuSkill_188_Name,特殊弾【機関竜弾】,Special: Wyvernheart,Courroux-du-dragon spé.,Speciale: Furia wyv.,Spezial: Wyvernherz,Esp.: coraje wyvern,Особое: Сердце вив.,Specj.: serce wiwer.,,,Especial: Coraserpe,특수탄【기관 용탄】,特殊彈藥【機關龍彈】,特殊弹药【机关龙弹】,,,,,,,,خاص: قلب تنين مجنح,,,,,,,,,,,
3ac8656c-f7fb-4a1e-a742-ffcf618c68bd,3142179711,HyakuryuSkill_189_Name,特殊弾【狙撃竜弾】,Special: Wyvernsnipe,Œil-du-dragon spé.,Spec.: Sguardo wyv.,Spezial: Wyvernauge,Esp.: tirador wyvern,Особ.: Меткость вив.,Spec.: wiwernostrzał,,,Es.: Francoserpe At.,특수탄【저격 용탄】,特殊彈藥【狙擊龍彈】,特殊弹药【狙击龙弹】,,,,,,,,خاص: قنص تنين مجنح,,,,,,,,,,,
8bec6dfa-708c-47c5-b4d8-ec80b2566490,2044842939,HyakuryuSkill_190_Name,速射対応【通常弾】,Rapid Fire (Normal),Tir rapide (Normal),Fuoco rapido (norm.),Schnellfeuer: Normal,Fuego rápido normal,Быс. стрель. (обыч.),Szybki ogień (norm.),,,Dis. Ráp. (Normal),속사대응【통상탄】,速射功能【通常彈】,支持速射【通常弹】,,,,,,,,إطلاق نار سريع-عادي,,,,,,,,,,,
635bbb39-353a-421f-90be-b030b9be918e,1376216981,HyakuryuSkill_191_Name,速射対応【貫通弾】,Rapid Fire (Piercing),Tir rapide (Perf.),Fuoco rapido (perf.),Schnellfeuer: Perfor,Fuego rápido perfor.,Быс. стрель. (прон.),Szybki ogień (prz.),,,Dis. Ráp. (Perf.),속사대응【관통탄】,速射功能【貫通彈】,支持速射【贯穿弹】,,,,,,,,إطلاق نار سريع-خارق,,,,,,,,,,,
77c9d4f5-b45a-43d9-a64a-409db34abc8d,4239856296,HyakuryuSkill_192_Name,速射対応【散弾】,Rapid Fire (Spread),Tir rapide (Gren.),Fuoco rapido (vent.),Schnellfeuer (Schrot),Fuego rápido (abanico),Быстр. стр. (разбр.),Szyb. ogień (rozrz.),,,Disparo Rápido (Disperso),속사대응【산탄】,速射功能【散彈】,支持速射【散弹】,,,,,,,,إطلاق نار سريع-منتشر,,,,,,,,,,,
966fc5be-84bf-49f2-a80c-feb9a93f5748,3031834782,HyakuryuSkill_193_Name,速射対応【放散弾】,Rapid Fire (Shrapnel),Tir rapide (Shrapn.),Fuoco rapido (fram.),Schnellfeuer(Schrap),Fuego rápido (metralla),Быстр. стр. (оскол.),Szybk. ogień (odłamk.),,,Disparo Rápido (Estilhaço),속사대응【방산탄】,速射功能【放射彈】,支持速射【放散弹】,,,,,,,,إطلاق نار سريع-شظايا,,,,,,,,,,,
1f3f9d1c-5ee0-4f83-910c-4bc57a1616b1,1083037116,HyakuryuSkill_194_Name,速射対応【徹甲榴弾】,Rapid Fire (Sticky),Tir rapide (Antibl.),Fuoco rapido (espl.),Schnellfeuer (Deton),Fuego rápido (explosivo),Быстрая стр. (липк.),Szyb ogień (przyl.),,,Disparo Rápido (Pegajoso),속사대응【철갑유탄】,速射功能【徹甲榴彈】,支持速射【穿甲榴弹】,,,,,,,,إطلاق نار سريع-لزج,,,,,,,,,,,
67077649-0387-44c9-a234-8573e0482fc8,325083773,HyakuryuSkill_195_Name,速射対応【火炎】,Rapid Fire (Fire),Tir rapide (Feu),Fuoco rapido (fuoco),Schnellfeuer: Feuer,Fuego rápido fuego,Быс. стрель. (ог.),Szybki ogień (ogn.),,,Dis. Ráp. (Fogo),속사대응【화염】,速射功能【火炎】,支持速射【火炎】,,,,,,,,إطلاق نار سريع-نار,,,,,,,,,,,
05604fb8-bf97-4ffd-9497-5cf362bd90ac,918529714,HyakuryuSkill_196_Name,速射対応【水冷】,Rapid Fire (Water),Tir rapide (Eau),Fuoco rapido (acqua),Schnellfeuer: Wasser,Fuego rápido agua,Быс. стрель. (вод.),Szybki ogień (wodna),,,Dis. Ráp. (Água),속사대응【수냉】,速射功能【水冷】,支持速射【水冷】,,,,,,,,إطلاق نار سريع-ماء,,,,,,,,,,,
5473f299-08e1-4a2b-adc5-6b4595d366b5,1355741550,HyakuryuSkill_197_Name,速射対応【氷結】,Rapid Fire (Ice),Tir rapide (Glace),Fuoco rap. (ghiac.),Schnellfeuer: Eis,Fuego rápido hielo,Быс. стрель. (лед.),Szybki ogień (lod.),,,Dis. Ráp. (Gelo),속사대응【빙결】,速射功能【冰結】,支持速射【冰结】,,,,,,,,إطلاق نار سريع-ثلج,,,,,,,,,,,
61de06bf-ae02-4598-b45f-26a93cbadff4,2344509363,HyakuryuSkill_198_Name,速射対応【電撃】,Rapid Fire (Thunder),Tir rapide (Foudre),Fuoco rapido (tuono),Schnellfeuer: Donner,Fuego rápido rayo,Быс. стрель. (гром.),Szybki ogień (pior.),,,Dis. Ráp. (Raio),속사대응【전격】,速射功能【電擊】,支持速射【电击】,,,,,,,,إطلاق نار سريع-رعد,,,,,,,,,,,
47e64e2d-7776-4886-aa46-fde877d5c12f,3593568118,HyakuryuSkill_199_Name,速射対応【滅龍】,Rapid Fire (Dragon),Tir rapide (Dragon),Fuoco rapido (drago),Schnellfeuer: Drache,Fuego rápido draco,Быс. стрель. (драк.),Szybki ogień (sm.),,,Dis. Ráp. (Dragão),속사대응【멸룡】,速射功能【滅龍】,支持速射【灭龙】,,,,,,,,إطلاق نار سريع-تنين,,,,,,,,,,,
2dbf3455-77e9-469c-9e55-a604d5f76516,1342157674,HyakuryuSkill_200_Name,<COLOR FF0000>#Rejected#</COLOR> HyakuryuSkill_200_Name,<COLOR FF0000>#Rejected#</COLOR> HyakuryuSkill_200_Name,<COLOR FF0000>#Rejected#</COLOR> HyakuryuSkill_200_Name,<COLOR FF0000>#Rejected#</COLOR> HyakuryuSkill_200_Name,<COLOR FF0000>#Rejected#</COLOR> HyakuryuSkill_200_Name,<COLOR FF0000>#Rejected#</COLOR> HyakuryuSkill_200_Name,<COLOR FF0000>#Rejected#</COLOR> HyakuryuSkill_200_Name,<COLOR FF0000>#Rejected#</COLOR> HyakuryuSkill_200_Name,<COLOR FF0000>#Rejected#</COLOR> HyakuryuSkill_200_Name,<COLOR FF0000>#Rejected#</COLOR> HyakuryuSkill_200_Name,<COLOR FF0000>#Rejected#</COLOR> HyakuryuSkill_200_Name,<COLOR FF0000>#Rejected#</COLOR> HyakuryuSkill_200_Name,<COLOR FF0000>#Rejected#</COLOR> HyakuryuSkill_200_Name,<COLOR FF0000>#Rejected#</COLOR> HyakuryuSkill_200_Name,<COLOR FF0000>#Rejected#</COLOR> HyakuryuSkill_200_Name,<COLOR FF0000>#Rejected#</COLOR> HyakuryuSkill_200_Name,<COLOR FF0000>#Rejected#</COLOR> HyakuryuSkill_200_Name,<COLOR FF0000>#Rejected#</COLOR> HyakuryuSkill_200_Name,<COLOR FF0000>#Rejected#</COLOR> HyakuryuSkill_200_Name,<COLOR FF0000>#Rejected#</COLOR> HyakuryuSkill_200_Name,<COLOR FF0000>#Rejected#</COLOR> HyakuryuSkill_200_Name,<COLOR FF0000>#Rejected#</COLOR> HyakuryuSkill_200_Name,<COLOR FF0000>#Rejected#</COLOR> HyakuryuSkill_200_Name,<COLOR FF0000>#Rejected#</COLOR> HyakuryuSkill_200_Name,<COLOR FF0000>#Rejected#</COLOR> HyakuryuSkill_200_Name,<COLOR FF0000>#Rejected#</COLOR> HyakuryuSkill_200_Name,<COLOR FF0000>#Rejected#</COLOR> HyakuryuSkill_200_Name,<COLOR FF0000>#Rejected#</COLOR> HyakuryuSkill_200_Name,<COLOR FF0000>#Rejected#</COLOR> HyakuryuSkill_200_Name,<COLOR FF0000>#Rejected#</COLOR> HyakuryuSkill_200_Name,<COLOR FF0000>#Rejected#</COLOR> HyakuryuSkill_200_Name,<COLOR FF0000>#Rejected#</COLOR> HyakuryuSkill_200_Name,<COLOR FF0000>#Rejected#</COLOR> HyakuryuSkill_200_Name
70710f30-51fe-486b-a0d9-c250abe51376,1615883005,HyakuryuSkill_201_Name,<COLOR FF0000>#Rejected#</COLOR> HyakuryuSkill_201_Name,<COLOR FF0000>#Rejected#</COLOR> HyakuryuSkill_201_Name,<COLOR FF0000>#Rejected#</COLOR> HyakuryuSkill_201_Name,<COLOR FF0000>#Rejected#</COLOR> HyakuryuSkill_201_Name,<COLOR FF0000>#Rejected#</COLOR> HyakuryuSkill_201_Name,<COLOR FF0000>#Rejected#</COLOR> HyakuryuSkill_201_Name,<COLOR FF0000>#Rejected#</COLOR> HyakuryuSkill_201_Name,<COLOR FF0000>#Rejected#</COLOR> HyakuryuSkill_201_Name,<COLOR FF0000>#Rejected#</COLOR> HyakuryuSkill_201_Name,<COLOR FF0000>#Rejected#</COLOR> HyakuryuSkill_201_Name,<COLOR FF0000>#Rejected#</COLOR> HyakuryuSkill_201_Name,<COLOR FF0000>#Rejected#</COLOR> HyakuryuSkill_201_Name,<COLOR FF0000>#Rejected#</COLOR> HyakuryuSkill_201_Name,<COLOR FF0000>#Rejected#</COLOR> HyakuryuSkill_201_Name,<COLOR FF0000>#Rejected#</COLOR> HyakuryuSkill_201_Name,<COLOR FF0000>#Rejected#</COLOR> HyakuryuSkill_201_Name,<COLOR FF0000>#Rejected#</COLOR> HyakuryuSkill_201_Name,<COLOR FF0000>#Rejected#</COLOR> HyakuryuSkill_201_Name,<COLOR FF0000>#Rejected#</COLOR> HyakuryuSkill_201_Name,<COLOR FF0000>#Rejected#</COLOR> HyakuryuSkill_201_Name,<COLOR FF0000>#Rejected#</COLOR> HyakuryuSkill_201_Name,<COLOR FF0000>#Rejected#</COLOR> HyakuryuSkill_201_Name,<COLOR FF0000>#Rejected#</COLOR> HyakuryuSkill_201_Name,<COLOR FF0000>#Rejected#</COLOR> HyakuryuSkill_201_Name,<COLOR FF0000>#Rejected#</COLOR> HyakuryuSkill_201_Name,<COLOR FF0000>#Rejected#</COLOR> HyakuryuSkill_201_Name,<COLOR FF0000>#Rejected#</COLOR> HyakuryuSkill_201_Name,<COLOR FF0000>#Rejected#</COLOR> HyakuryuSkill_201_Name,<COLOR FF0000>#Rejected#</COLOR> HyakuryuSkill_201_Name,<COLOR FF0000>#Rejected#</COLOR> HyakuryuSkill_201_Name,<COLOR FF0000>#Rejected#</COLOR> HyakuryuSkill_201_Name,<COLOR FF0000>#Rejected#</COLOR> HyakuryuSkill_201_Name,<COLOR FF0000>#Rejected#</COLOR> HyakuryuSkill_201_Name
e9193ef3-ec4c-4e36-8145-f9b4bcaa8389,1923061707,HyakuryuSkill_202_Name,<COLOR FF0000>#Rejected#</COLOR> HyakuryuSkill_202_Name,<COLOR FF0000>#Rejected#</COLOR> HyakuryuSkill_202_Name,<COLOR FF0000>#Rejected#</COLOR> HyakuryuSkill_202_Name,<COLOR FF0000>#Rejected#</COLOR> HyakuryuSkill_202_Name,<COLOR FF0000>#Rejected#</COLOR> HyakuryuSkill_202_Name,<COLOR FF0000>#Rejected#</COLOR> HyakuryuSkill_202_Name,<COLOR FF0000>#Rejected#</COLOR> HyakuryuSkill_202_Name,<COLOR FF0000>#Rejected#</COLOR> HyakuryuSkill_202_Name,<COLOR FF0000>#Rejected#</COLOR> HyakuryuSkill_202_Name,<COLOR FF0000>#Rejected#</COLOR> HyakuryuSkill_202_Name,<COLOR FF0000>#Rejected#</COLOR> HyakuryuSkill_202_Name,<COLOR FF0000>#Rejected#</COLOR> HyakuryuSkill_202_Name,<COLOR FF0000>#Rejected#</COLOR> HyakuryuSkill_202_Name,<COLOR FF0000>#Rejected#</COLOR> HyakuryuSkill_202_Name,<COLOR FF0000>#Rejected#</COLOR> HyakuryuSkill_202_Name,<COLOR FF0000>#Rejected#</COLOR> HyakuryuSkill_202_Name,<COLOR FF0000>#Rejected#</COLOR> HyakuryuSkill_202_Name,<COLOR FF0000>#Rejected#</COLOR> HyakuryuSkill_202_Name,<COLOR FF0000>#Rejected#</COLOR> HyakuryuSkill_202_Name,<COLOR FF0000>#Rejected#</COLOR> HyakuryuSkill_202_Name,<COLOR FF0000>#Rejected#</COLOR> HyakuryuSkill_202_Name,<COLOR FF0000>#Rejected#</COLOR> HyakuryuSkill_202_Name,<COLOR FF0000>#Rejected#</COLOR> HyakuryuSkill_202_Name,<COLOR FF0000>#Rejected#</COLOR> HyakuryuSkill_202_Name,<COLOR FF0000>#Rejected#</COLOR> HyakuryuSkill_202_Name,<COLOR FF0000>#Rejected#</COLOR> HyakuryuSkill_202_Name,<COLOR FF0000>#Rejected#</COLOR> HyakuryuSkill_202_Name,<COLOR FF0000>#Rejected#</COLOR> HyakuryuSkill_202_Name,<COLOR FF0000>#Rejected#</COLOR> HyakuryuSkill_202_Name,<COLOR FF0000>#Rejected#</COLOR> HyakuryuSkill_202_Name,<COLOR FF0000>#Rejected#</COLOR> HyakuryuSkill_202_Name,<COLOR FF0000>#Rejected#</COLOR> HyakuryuSkill_202_Name,<COLOR FF0000>#Rejected#</COLOR> HyakuryuSkill_202_Name
33466220-3684-4c3a-9cad-62dc22f56684,4005353617,HyakuryuSkill_203_Name,<COLOR FF0000>#Rejected#</COLOR> HyakuryuSkill_203_Name,<COLOR FF0000>#Rejected#</COLOR> HyakuryuSkill_203_Name,<COLOR FF0000>#Rejected#</COLOR> HyakuryuSkill_203_Name,<COLOR FF0000>#Rejected#</COLOR> HyakuryuSkill_203_Name,<COLOR FF0000>#Rejected#</COLOR> HyakuryuSkill_203_Name,<COLOR FF0000>#Rejected#</COLOR> HyakuryuSkill_203_Name,<COLOR FF0000>#Rejected#</COLOR> HyakuryuSkill_203_Name,<COLOR FF0000>#Rejected#</COLOR> HyakuryuSkill_203_Name,<COLOR FF0000>#Rejected#</COLOR> HyakuryuSkill_203_Name,<COLOR FF0000>#Rejected#</COLOR> HyakuryuSkill_203_Name,<COLOR FF0000>#Rejected#</COLOR> HyakuryuSkill_203_Name,<COLOR FF0000>#Rejected#</COLOR> HyakuryuSkill_203_Name,<COLOR FF0000>#Rejected#</COLOR> HyakuryuSkill_203_Name,<COLOR FF0000>#Rejected#</COLOR> HyakuryuSkill_203_Name,<COLOR FF0000>#Rejected#</COLOR> HyakuryuSkill_203_Name,<COLOR FF0000>#Rejected#</COLOR> HyakuryuSkill_203_Name,<COLOR FF0000>#Rejected#</COLOR> HyakuryuSkill_203_Name,<COLOR FF0000>#Rejected#</COLOR> HyakuryuSkill_203_Name,<COLOR FF0000>#Rejected#</COLOR> HyakuryuSkill_203_Name,<COLOR FF0000>#Rejected#</COLOR> HyakuryuSkill_203_Name,<COLOR FF0000>#Rejected#</COLOR> HyakuryuSkill_203_Name,<COLOR FF0000>#Rejected#</COLOR> HyakuryuSkill_203_Name,<COLOR FF0000>#Rejected#</COLOR> HyakuryuSkill_203_Name,<COLOR FF0000>#Rejected#</COLOR> HyakuryuSkill_203_Name,<COLOR FF0000>#Rejected#</COLOR> HyakuryuSkill_203_Name,<COLOR FF0000>#Rejected#</COLOR> HyakuryuSkill_203_Name,<COLOR FF0000>#Rejected#</COLOR> HyakuryuSkill_203_Name,<COLOR FF0000>#Rejected#</COLOR> HyakuryuSkill_203_Name,<COLOR FF0000>#Rejected#</COLOR> HyakuryuSkill_203_Name,<COLOR FF0000>#Rejected#</COLOR> HyakuryuSkill_203_Name,<COLOR FF0000>#Rejected#</COLOR> HyakuryuSkill_203_Name,<COLOR FF0000>#Rejected#</COLOR> HyakuryuSkill_203_Name,<COLOR FF0000>#Rejected#</COLOR> HyakuryuSkill_203_Name
0ed58f4b-20c1-4110-a238-f5b49409f1ec,1440003299,HyakuryuSkill_204_Name,<COLOR FF0000>#Rejected#</COLOR> HyakuryuSkill_204_Name,<COLOR FF0000>#Rejected#</COLOR> HyakuryuSkill_204_Name,<COLOR FF0000>#Rejected#</COLOR> HyakuryuSkill_204_Name,<COLOR FF0000>#Rejected#</COLOR> HyakuryuSkill_204_Name,<COLOR FF0000>#Rejected#</COLOR> HyakuryuSkill_204_Name,<COLOR FF0000>#Rejected#</COLOR> HyakuryuSkill_204_Name,<COLOR FF0000>#Rejected#</COLOR> HyakuryuSkill_204_Name,<COLOR FF0000>#Rejected#</COLOR> HyakuryuSkill_204_Name,<COLOR FF0000>#Rejected#</COLOR> HyakuryuSkill_204_Name,<COLOR FF0000>#Rejected#</COLOR> HyakuryuSkill_204_Name,<COLOR FF0000>#Rejected#</COLOR> HyakuryuSkill_204_Name,<COLOR FF0000>#Rejected#</COLOR> HyakuryuSkill_204_Name,<COLOR FF0000>#Rejected#</COLOR> HyakuryuSkill_204_Name,<COLOR FF0000>#Rejected#</COLOR> HyakuryuSkill_204_Name,<COLOR FF0000>#Rejected#</COLOR> HyakuryuSkill_204_Name,<COLOR FF0000>#Rejected#</COLOR> HyakuryuSkill_204_Name,<COLOR FF0000>#Rejected#</COLOR> HyakuryuSkill_204_Name,<COLOR FF0000>#Rejected#</COLOR> HyakuryuSkill_204_Name,<COLOR FF0000>#Rejected#</COLOR> HyakuryuSkill_204_Name,<COLOR FF0000>#Rejected#</COLOR> HyakuryuSkill_204_Name,<COLOR FF0000>#Rejected#</COLOR> HyakuryuSkill_204_Name,<COLOR FF0000>#Rejected#</COLOR> HyakuryuSkill_204_Name,<COLOR FF0000>#Rejected#</COLOR> HyakuryuSkill_204_Name,<COLOR FF0000>#Rejected#</COLOR> HyakuryuSkill_204_Name,<COLOR FF0000>#Rejected#</COLOR> HyakuryuSkill_204_Name,<COLOR FF0000>#Rejected#</COLOR> HyakuryuSkill_204_Name,<COLOR FF0000>#Rejected#</COLOR> HyakuryuSkill_204_Name,<COLOR FF0000>#Rejected#</COLOR> HyakuryuSkill_204_Name,<COLOR FF0000>#Rejected#</COLOR> HyakuryuSkill_204_Name,<COLOR FF0000>#Rejected#</COLOR> HyakuryuSkill_204_Name,<COLOR FF0000>#Rejected#</COLOR> HyakuryuSkill_204_Name,<COLOR FF0000>#Rejected#</COLOR> HyakuryuSkill_204_Name,<COLOR FF0000>#Rejected#</COLOR> HyakuryuSkill_204_Name
e1d2230f-a4e9-4bc1-a5ef-50f2864d9398,3465678145,HyakuryuSkill_205_Name,<COLOR FF0000>#Rejected#</COLOR> HyakuryuSkill_205_Name,<COLOR FF0000>#Rejected#</COLOR> HyakuryuSkill_205_Name,<COLOR FF0000>#Rejected#</COLOR> HyakuryuSkill_205_Name,<COLOR FF0000>#Rejected#</COLOR> HyakuryuSkill_205_Name,<COLOR FF0000>#Rejected#</COLOR> HyakuryuSkill_205_Name,<COLOR FF0000>#Rejected#</COLOR> HyakuryuSkill_205_Name,<COLOR FF0000>#Rejected#</COLOR> HyakuryuSkill_205_Name,<COLOR FF0000>#Rejected#</COLOR> HyakuryuSkill_205_Name,<COLOR FF0000>#Rejected#</COLOR> HyakuryuSkill_205_Name,<COLOR FF0000>#Rejected#</COLOR> HyakuryuSkill_205_Name,<COLOR FF0000>#Rejected#</COLOR> HyakuryuSkill_205_Name,<COLOR FF0000>#Rejected#</COLOR> HyakuryuSkill_205_Name,<COLOR FF0000>#Rejected#</COLOR> HyakuryuSkill_205_Name,<COLOR FF0000>#Rejected#</COLOR> HyakuryuSkill_205_Name,<COLOR FF0000>#Rejected#</COLOR> HyakuryuSkill_205_Name,<COLOR FF0000>#Rejected#</COLOR> HyakuryuSkill_205_Name,<COLOR FF0000>#Rejected#</COLOR> HyakuryuSkill_205_Name,<COLOR FF0000>#Rejected#</COLOR> HyakuryuSkill_205_Name,<COLOR FF0000>#Rejected#</COLOR> HyakuryuSkill_205_Name,<COLOR FF0000>#Rejected#</COLOR> HyakuryuSkill_205_Name,<COLOR FF0000>#Rejected#</COLOR> HyakuryuSkill_205_Name,<COLOR FF0000>#Rejected#</COLOR> HyakuryuSkill_205_Name,<COLOR FF0000>#Rejected#</COLOR> HyakuryuSkill_205_Name,<COLOR FF0000>#Rejected#</COLOR> HyakuryuSkill_205_Name,<COLOR FF0000>#Rejected#</COLOR> HyakuryuSkill_205_Name,<COLOR FF0000>#Rejected#</COLOR> HyakuryuSkill_205_Name,<COLOR FF0000>#Rejected#</COLOR> HyakuryuSkill_205_Name,<COLOR FF0000>#Rejected#</COLOR> HyakuryuSkill_205_Name,<COLOR FF0000>#Rejected#</COLOR> HyakuryuSkill_205_Name,<COLOR FF0000>#Rejected#</COLOR> HyakuryuSkill_205_Name,<COLOR FF0000>#Rejected#</COLOR> HyakuryuSkill_205_Name,<COLOR FF0000>#Rejected#</COLOR> HyakuryuSkill_205_Name,<COLOR FF0000>#Rejected#</COLOR> HyakuryuSkill_205_Name
dd086ee4-1a03-46b2-8c1c-e251046f0bb7,2815572477,HyakuryuSkill_206_Name,<COLOR FF0000>#Rejected#</COLOR> HyakuryuSkill_206_Name,<COLOR FF0000>#Rejected#</COLOR> HyakuryuSkill_206_Name,<COLOR FF0000>#Rejected#</COLOR> HyakuryuSkill_206_Name,<COLOR FF0000>#Rejected#</COLOR> HyakuryuSkill_206_Name,<COLOR FF0000>#Rejected#</COLOR> HyakuryuSkill_206_Name,<COLOR FF0000>#Rejected#</COLOR> HyakuryuSkill_206_Name,<COLOR FF0000>#Rejected#</COLOR> HyakuryuSkill_206_Name,<COLOR FF0000>#Rejected#</COLOR> HyakuryuSkill_206_Name,<COLOR FF0000>#Rejected#</COLOR> HyakuryuSkill_206_Name,<COLOR FF0000>#Rejected#</COLOR> HyakuryuSkill_206_Name,<COLOR FF0000>#Rejected#</COLOR> HyakuryuSkill_206_Name,<COLOR FF0000>#Rejected#</COLOR> HyakuryuSkill_206_Name,<COLOR FF0000>#Rejected#</COLOR> HyakuryuSkill_206_Name,<COLOR FF0000>#Rejected#</COLOR> HyakuryuSkill_206_Name,<COLOR FF0000>#Rejected#</COLOR> HyakuryuSkill_206_Name,<COLOR FF0000>#Rejected#</COLOR> HyakuryuSkill_206_Name,<COLOR FF0000>#Rejected#</COLOR> HyakuryuSkill_206_Name,<COLOR FF0000>#Rejected#</COLOR> HyakuryuSkill_206_Name,<COLOR FF0000>#Rejected#</COLOR> HyakuryuSkill_206_Name,<COLOR FF0000>#Rejected#</COLOR> HyakuryuSkill_206_Name,<COLOR FF0000>#Rejected#</COLOR> HyakuryuSkill_206_Name,<COLOR FF0000>#Rejected#</COLOR> HyakuryuSkill_206_Name,<COLOR FF0000>#Rejected#</COLOR> HyakuryuSkill_206_Name,<COLOR FF0000>#Rejected#</COLOR> HyakuryuSkill_206_Name,<COLOR FF0000>#Rejected#</COLOR> HyakuryuSkill_206_Name,<COLOR FF0000>#Rejected#</COLOR> HyakuryuSkill_206_Name,<COLOR FF0000>#Rejected#</COLOR> HyakuryuSkill_206_Name,<COLOR FF0000>#Rejected#</COLOR> HyakuryuSkill_206_Name,<COLOR FF0000>#Rejected#</COLOR> HyakuryuSkill_206_Name,<COLOR FF0000>#Rejected#</COLOR> HyakuryuSkill_206_Name,<COLOR FF0000>#Rejected#</COLOR> HyakuryuSkill_206_Name,<COLOR FF0000>#Rejected#</COLOR> HyakuryuSkill_206_Name,<COLOR FF0000>#Rejected#</COLOR> HyakuryuSkill_206_Name
3a3d6231-4d20-4545-ac9f-25cd3d33294f,3658035896,HyakuryuSkill_207_Name,<COLOR FF0000>#Rejected#</COLOR> HyakuryuSkill_207_Name,<COLOR FF0000>#Rejected#</COLOR> HyakuryuSkill_207_Name,<COLOR FF0000>#Rejected#</COLOR> HyakuryuSkill_207_Name,<COLOR FF0000>#Rejected#</COLOR> HyakuryuSkill_207_Name,<COLOR FF0000>#Rejected#</COLOR> HyakuryuSkill_207_Name,<COLOR FF0000>#Rejected#</COLOR> HyakuryuSkill_207_Name,<COLOR FF0000>#Rejected#</COLOR> HyakuryuSkill_207_Name,<COLOR FF0000>#Rejected#</COLOR> HyakuryuSkill_207_Name,<COLOR FF0000>#Rejected#</COLOR> HyakuryuSkill_207_Name,<COLOR FF0000>#Rejected#</COLOR> HyakuryuSkill_207_Name,<COLOR FF0000>#Rejected#</COLOR> HyakuryuSkill_207_Name,<COLOR FF0000>#Rejected#</COLOR> HyakuryuSkill_207_Name,<COLOR FF0000>#Rejected#</COLOR> HyakuryuSkill_207_Name,<COLOR FF0000>#Rejected#</COLOR> HyakuryuSkill_207_Name,<COLOR FF0000>#Rejected#</COLOR> HyakuryuSkill_207_Name,<COLOR FF0000>#Rejected#</COLOR> HyakuryuSkill_207_Name,<COLOR FF0000>#Rejected#</COLOR> HyakuryuSkill_207_Name,<COLOR FF0000>#Rejected#</COLOR> HyakuryuSkill_207_Name,<COLOR FF0000>#Rejected#</COLOR> HyakuryuSkill_207_Name,<COLOR FF0000>#Rejected#</COLOR> HyakuryuSkill_207_Name,<COLOR FF0000>#Rejected#</COLOR> HyakuryuSkill_207_Name,<COLOR FF0000>#Rejected#</COLOR> HyakuryuSkill_207_Name,<COLOR FF0000>#Rejected#</COLOR> HyakuryuSkill_207_Name,<COLOR FF0000>#Rejected#</COLOR> HyakuryuSkill_207_Name,<COLOR FF0000>#Rejected#</COLOR> HyakuryuSkill_207_Name,<COLOR FF0000>#Rejected#</COLOR> HyakuryuSkill_207_Name,<COLOR FF0000>#Rejected#</COLOR> HyakuryuSkill_207_Name,<COLOR FF0000>#Rejected#</COLOR> HyakuryuSkill_207_Name,<COLOR FF0000>#Rejected#</COLOR> HyakuryuSkill_207_Name,<COLOR FF0000>#Rejected#</COLOR> HyakuryuSkill_207_Name,<COLOR FF0000>#Rejected#</COLOR> HyakuryuSkill_207_Name,<COLOR FF0000>#Rejected#</COLOR> HyakuryuSkill_207_Name,<COLOR FF0000>#Rejected#</COLOR> HyakuryuSkill_207_Name
ef68d702-74ed-4818-a262-793a236a0426,694341110,HyakuryuSkill_208_Name,<COLOR FF0000>#Rejected#</COLOR> HyakuryuSkill_208_Name,<COLOR FF0000>#Rejected#</COLOR> HyakuryuSkill_208_Name,<COLOR FF0000>#Rejected#</COLOR> HyakuryuSkill_208_Name,<COLOR FF0000>#Rejected#</COLOR> HyakuryuSkill_208_Name,<COLOR FF0000>#Rejected#</COLOR> HyakuryuSkill_208_Name,<COLOR FF0000>#Rejected#</COLOR> HyakuryuSkill_208_Name,<COLOR FF0000>#Rejected#</COLOR> HyakuryuSkill_208_Name,<COLOR FF0000>#Rejected#</COLOR> HyakuryuSkill_208_Name,<COLOR FF0000>#Rejected#</COLOR> HyakuryuSkill_208_Name,<COLOR FF0000>#Rejected#</COLOR> HyakuryuSkill_208_Name,<COLOR FF0000>#Rejected#</COLOR> HyakuryuSkill_208_Name,<COLOR FF0000>#Rejected#</COLOR> HyakuryuSkill_208_Name,<COLOR FF0000>#Rejected#</COLOR> HyakuryuSkill_208_Name,<COLOR FF0000>#Rejected#</COLOR> HyakuryuSkill_208_Name,<COLOR FF0000>#Rejected#</COLOR> HyakuryuSkill_208_Name,<COLOR FF0000>#Rejected#</COLOR> HyakuryuSkill_208_Name,<COLOR FF0000>#Rejected#</COLOR> HyakuryuSkill_208_Name,<COLOR FF0000>#Rejected#</COLOR> HyakuryuSkill_208_Name,<COLOR FF0000>#Rejected#</COLOR> HyakuryuSkill_208_Name,<COLOR FF0000>#Rejected#</COLOR> HyakuryuSkill_208_Name,<COLOR FF0000>#Rejected#</COLOR> HyakuryuSkill_208_Name,<COLOR FF0000>#Rejected#</COLOR> HyakuryuSkill_208_Name,<COLOR FF0000>#Rejected#</COLOR> HyakuryuSkill_208_Name,<COLOR FF0000>#Rejected#</COLOR> HyakuryuSkill_208_Name,<COLOR FF0000>#Rejected#</COLOR> HyakuryuSkill_208_Name,<COLOR FF0000>#Rejected#</COLOR> HyakuryuSkill_208_Name,<COLOR FF0000>#Rejected#</COLOR> HyakuryuSkill_208_Name,<COLOR FF0000>#Rejected#</COLOR> HyakuryuSkill_208_Name,<COLOR FF0000>#Rejected#</COLOR> HyakuryuSkill_208_Name,<COLOR FF0000>#Rejected#</COLOR> HyakuryuSkill_208_Name,<COLOR FF0000>#Rejected#</COLOR> HyakuryuSkill_208_Name,<COLOR FF0000>#Rejected#</COLOR> HyakuryuSkill_208_Name,<COLOR FF0000>#Rejected#</COLOR> HyakuryuSkill_208_Name
e7df9aff-7b32-433e-bab0-d9dcd64ae93a,281150828,HyakuryuSkill_209_Name,毒ビン強化付与,Poison Coating Boost,Bonus fiole poison,Bonus riv. veleno,Giftschicht-Bonus,Bonus vial de veneno,Усил. ядовит. покр.,Wzmoc. powłoki truj.,,,Ref. Rev. Venenoso,독병 강화 부여,賦予毒瓶強化,赋予毒瓶强化,,,,,,,,معزز غطاء السم,,,,,,,,,,,
e7f34543-3a11-4b94-b279-b6b4c9e1fbfe,3661127170,HyakuryuSkill_210_Name,麻痺ビン強化付与,Paralysis Coating Boost,Bonus fiole paral.,Bonus riv. paralisi,LähmungsschichtBonus,Bonus vial paraliz.,Усил. парализ. покр.,Wzm. powł. paraliż.,,,Ref. Rev. Paral.,마비병 강화 부여,賦予麻痺瓶強化,赋予麻痹瓶强化,,,,,,,,معزز غطاء الشلل,,,,,,,,,,,
8420e164-b73c-40a6-bded-0177eff29523,355401679,HyakuryuSkill_211_Name,睡眠ビン強化付与,Sleep Coating Boost,Bonus fiole sommeil,Bonus riv. sonno,Schlafschicht-Bonus,Bonus vial de sueño,Усил. усыпл. покр.,Wzmoc. powłoki usyp.,,,Ref. Rev. Sonífero,수면병 강화 부여,賦予睡眠瓶強化,赋予睡眠瓶强化,,,,,,,,معزز غطاء النوم,,,,,,,,,,,
1efa992f-6815-4250-902c-00ae6da6a60e,4032185540,HyakuryuSkill_212_Name,ビン強化【接撃】,Close-range Coating Boost,Bonus fiole combat,Bonus riv. corto r.,Nahkampfbesch.-Bonus,Bonus vial quemarropa,Усил. покр. бл. боя,Wzmoc. powł. krótkodyst.,,,Ref. Rev. Imediação,병 강화【접격】,瓶強化【接擊】,瓶强化【近战】,,,,,,,,معزز غطاء بمدى قريب,,,,,,,,,,,
2ddc1d56-595c-4222-b73f-5bf0be99e10e,33282863,HyakuryuSkill_213_Name,ビン追加【強撃】,Use Power Coating,Fiole de force +,Usa rives. potenza,Kraftbeschichtung,Usar vial potencia,Исп. силов. покрытие,Użyj powłoki mocy,,,Usar Rev. de Poder,병 추가【강격】,瓶追加【強擊】,瓶追加【强击】,,,,,,,,استخدام غطاء القوة,,,,,,,,,,,
372dcdfa-11f8-4b37-ad0a-998dcd95a799,1190702664,HyakuryuSkill_214_Name,ビン追加【毒】Ⅰ,Use Poison Coating I,Fiole de poison +,Usa rives. veleno I,Giftbeschichtung I,Usar vial veneno I,Исп. ядов. покр. I,Użyj powłoki truj. I,,,Usar Rev. Venenoso,병 추가【독】Ⅰ,瓶追加【毒】Ⅰ,瓶追加【毒】Ⅰ,,,,,,,,استخدام غطاء السم 1,,,,,,,,,,,
3f15ae1c-5741-4a5c-956b-9c0d140e3f36,2823631877,HyakuryuSkill_215_Name,ビン追加【毒】Ⅱ,Use Poison Coating II,Fiole de poison + II,Usa rives. veleno II,Giftbeschichtung II,Usar vial veneno II,Исп. ядов. покр. II,Użyj powł. truj. II,,,Usar Rev. Venen. II,병 추가【독】Ⅱ,瓶追加【毒】Ⅱ,瓶追加【毒】Ⅱ,,,,,,,,استخدام غطاء السم 2,,,,,,,,,,,
559b859d-5a6e-4de7-98ee-6e75b732745e,277908815,HyakuryuSkill_216_Name,ビン追加【麻痺】Ⅰ,Use Para Coating I,Fiole paral. +,Usa riv. paralisi I,Lähmbeschichtung I,Usar vial paraliz. I,Исп. парал. покр. I,Użyj powł. paral. I,,,Usar Rev. Paral. I,병 추가【마비】Ⅰ,瓶追加【麻痺】Ⅰ,瓶追加【麻痹】Ⅰ,,,,,,,,استخدام غطاء الشلل 1,,,,,,,,,,,
53af1709-50f3-423c-9fe3-06a089b25436,3696015889,HyakuryuSkill_217_Name,ビン追加【麻痺】Ⅱ,Use Para Coating II,Fiole paral. + II,Usa riv. paralisi II,Lähmbeschichtung II,Usar vial paral. II,Исп. парал. покр. II,Użyj powł. paral. II,,,Usar Rev. Paral. II,병 추가【마비】Ⅱ,瓶追加【麻痺】Ⅱ,瓶追加【麻痹】Ⅱ,,,,,,,,استخدم غطاء الشلل 2,,,,,,,,,,,
e6ed9947-30a5-4999-9c30-40a14d06ac73,3098246014,HyakuryuSkill_218_Name,ビン追加【睡眠】Ⅰ,Use Sleep Coating I,Fiole sommeil +,Usa rives. sonno I,Schlafbeschichtung I,Usar vial de sueño I,Исп. усып. покр. I,Użyj powłoki usyp. I,,,Usar Rev. Sonif. I,병 추가【수면】Ⅰ,瓶追加【睡眠】Ⅰ,瓶追加【睡眠】Ⅰ,,,,,,,,استخدام غطاء النوم 1,,,,,,,,,,,
62e3d19c-c5f9-4e25-9741-6ccd096ea247,383929843,HyakuryuSkill_219_Name,ビン追加【睡眠】Ⅱ,Use Sleep Coating II,Fiole sommeil + II,Usa rives. sonno II,SchlafbeschichtungII,Usar vial sueño II,Исп. усып. покр. II,Użyj powł. usyp. II,,,Usar Rev. Sonif. II,병 추가【수면】Ⅱ,瓶追加【睡眠】Ⅱ,瓶追加【睡眠】Ⅱ,,,,,,,,استخدم غطاء النوم 2,,,,,,,,,,,
1eed939a-56b1-4f0e-808e-a741dd8709b1,2459510670,HyakuryuSkill_220_Name,ビン追加【爆破】,Use Blast Coating,Fiole explosive +,Usa rives. scoppio,Explosionsbeschichtung,Usar vial de nitro,Исп. взрыв. покрытие,Użyj powłoki wybuch.,,,Usar Revest. Explos.,병 추가【폭파】,瓶追加【爆破】,瓶追加【爆破】,,,,,,,,استخدم غطاء الانفجار,,,,,,,,,,,
f9ac9b8f-7abb-47b7-9ad3-b90ebb69d093,2714369984,HyakuryuSkill_221_Name,ビン追加【減気】,Use Exhaust Coating,Fiole faiblesse +,Usa rives. fatica,Ermüdungsbeschichtng,Usar vial de fatiga,Исп. покр. усталости,Użyj powł. wyczerp.,,,Usar Rev. de Exaus.,병 추가【멸기】,瓶追加【減氣】,瓶追加【减气】,,,,,,,,استخدم غطاء الإرهاق,,,,,,,,,,,
3bc368ba-3bc3-4474-af7f-e24cb04620a2,3196370986,HyakuryuSkill_222_Name,射撃型変更【連射】,Firing: Rapid,Tirs rapides,Fuoco: Rapido,Feuern: Schnell,Disparo: rápido,Стрельба: быстрая,Strzelanie: szybkie,,,Atirando: Rápido,사격 변경【연사】,變更射擊型態【連射】,变更射击类型【连射】,,,,,,,,إطلاق نار: سريع,,,,,,,,,,,
555c3085-7cfa-4136-8afc-18413d2aa9bf,1298769667,HyakuryuSkill_223_Name,射撃型変更【貫通】,Firing: Pierce,Tirs perforants,Fuoco: Perforante,Feuern: Perforation,Disparo: perforante,Стрельба: проникающ.,Strzelanie: przebij.,,,Atirando: Perfurar,사격 변경【관통】,變更射擊型態【貫通】,变更射击类型【贯穿】,,,,,,,,إطلاق نار: خرق,,,,,,,,,,,
c876c66d-114f-4e33-a386-6d91b2dc765b,947266317,HyakuryuSkill_224_Name,射撃型変更【拡散】,Firing: Spread,Tirs à fragmentation,Fuoco: Ventaglio,Feuern: Schrot,Disparo: abanico,Стрельба: с разброс.,Strzelanie: rozrzut.,,,Atirando: Espalhar,사격 변경【확산】,變更射擊型態【擴散】,变更射击类型【扩散】,,,,,,,,إطلاق نار: انتشار,,,,,,,,,,,
4ef5cc29-c327-4491-b483-5a6a18b86a63,66421572,HyakuryuSkill_225_Name,射撃型変更【溜攻】,Firing: Charge,Tirs chargés,Fuoco: Carica,Feuern: Ladung,Disparo: carga,Стрельба: усиленная,Strzelanie: ładow.,,,Atirando: Energizar,사격 변경【유공】,變更射擊型態【蓄力】,变更射击类型【蓄力】,,,,,,,,إطلاق نار: شحن,,,,,,,,,,,
89cecdff-cee2-4335-9c56-fcf965badad1,444986443,HyakuryuSkill_226_Name,射撃型変更【速攻】,Firing: Swift,Tirs vifs,Fuoco: Saetta,Feuern: Flink,Disparo: veloz,Стрельба: необычная,Strzelanie: prędkie,,,Atirando: Veloz,사격 변경【속공】,變更射擊型態【速攻】,变更射击类型【速攻】,,,,,,,,إطلاق نار: باغت,,,,,,,,,,,
47f5c85f-1322-4f9e-819d-5f819762a01b,1820190812,HyakuryuSkill_227_Name,曲射変更【回復型】,Arc Shot: Recovery,Barrage : récup.,Tiro arco: Recupero,Bogenschuss:Erholung,T. parab.: recuper.,В. дугой: восстанов.,Strz. po łuku: reg.,,,Disp. Parab.: Regen.,곡사 변경【회복형】,變更曲射【回復型】,变更曲射【回复型】,,,,,,,,طلقة ملتوية: التعافي,,,,,,,,,,,
6776c3c7-83a7-40dd-88f0-dfb9a650a318,3709932546,HyakuryuSkill_228_Name,曲射変更【会心型】,Arc Shot: Affinity,Barrage : affinité,Tiro arco: Affinità,Bogenschss:Affinität,T. parab.: afinidad,В. дугой: мастерство,Strz. po łuku: zgod.,,,Disp. Parab.: Afin.,곡사 변경【회심형】,變更曲射【會心型】,变更曲射【会心型】,,,,,,,,طلقة ملتوية: النسبة,,,,,,,,,,,
048a46f4-8034-44ce-96e4-3c4a5954d118,1947828040,HyakuryuSkill_229_Name,曲射変更【耐衝型】,Arc Shot: Anti-shock,Barrage : anti-choc,Tiro arco: Antishock,Bognschss:AntiSchock,T. par.: antimpacto,В. дугой: противошок,Strz. po ł.: p-r.,,,D. Par.: Anti-choque,곡사 변경【내충형】,變更曲射【耐衝型】,变更曲射【耐冲型】,,,,,,,,طلقة ملتوية: ضد صدمة,,,,,,,,,,,
27d0ede6-29d2-49da-9899-1e05b832e765,3265502239,HyakuryuSkill_230_Name,鈍刃の一撃,Dulling Strike,Coup émoussant,Colpo smussante,Dämpfender Schlag,Golpe desafilador,Затупляющий удар,Tępiący cios,,,Ataque Entorpecente,무딘 일격,鈍刃一擊,钝刃一击,,,,,,,,ضربة تبلّد,,,,,,,,,,,
dea1a3d8-099d-4d27-871c-291d4d7c1e6d,2062413458,HyakuryuSkill_231_Name,痛恨の一撃,Brutal Strike,Coup brutal,Colpo brutale,Brutaler Schlag,Golpe brutal,Жестокий удар,Brutalny cios,,,Ataque Brutal,통한의 일격,悔恨一擊,痛恨一击,,,,,,,,ضربة وحشية,,,,,,,,,,,
69245c1e-88b0-4e9e-b492-f10e4d0ffba8,3711407930,HyakuryuSkill_232_Name,弱点特効【属性】,Element Exploit,Faibl. élément.,Debolezza elementale,Elementvorteil,Aprovechar elemento,Уязвимость к стихии,Wykorzyst. żywiołu,,,Explor. de Elem.,약점 특효【속성】,弱點特效【屬性】,弱点特效【属性】,,,,,,,,استغلال عنصر,,,,,,,,,,,
43a7e799-047f-4bc9-8262-796ee289a8ae,2597099418,HyakuryuSkill_233_Name,鉄蟲糸技強化,Silkbind Boost,Bonus Lien de soie,Bonus fildiseta,Seidenbinder-Bonus,Bonus cordoamarre,Усиление паутины,Wzmocn. jedwabionici,,,Reforço Sedaférreo,벌레철사 기술 강화,鐵蟲絲招式強化,铁虫丝技强化,,,,,,,,معزز الربط الحريري,,,,,,,,,,,
47605475-a5ee-45ca-84b1-9a247de70880,3222984963,HyakuryuSkill_234_Name,防御研磨術Ⅰ,Defense Grinder I,Broyeur défense,Difensore strenuo I,Abwehr-Schleifer I,Mueledefensas I,Защитная дробилка I,Młynek Obrony I,,,Moedor de Defesa I,방어 연마술Ⅰ,防禦研磨術Ⅰ,防御打磨术Ⅰ,,,,,,,,طاحونة دفاع 1,,,,,,,,,,,
664ee6b8-abaa-49af-b795-45e72fe11538,1400220209,HyakuryuSkill_235_Name,防御研磨術Ⅱ,Defense Grinder II,Broyeur défense II,Difensore strenuo II,Abwehr-Schleifer II,Mueledefensas II,Защитная дробилка II,Młynek Obrony II,,,Moedor de Defesa II,방어 연마술Ⅱ,防禦研磨術Ⅱ,防御打磨术Ⅱ,,,,,,,,طاحونة دفاع 2,,,,,,,,,,,
1ea0f8e7-4299-4623-b872-c4386528deb2,3741815083,HyakuryuSkill_236_Name,鬼人激化,Hellion Mode,Mode diablotin,Modalità rogna,Teufelsbratenmodus,Modo vándalo,Режим беса,Tryb czarta,,,Modo Desordeiro,귀인격화,鬼人激化,鬼人激化,,,,,,,,وضع هيليون,,,,,,,,,,,
9fbf84e1-5a69-437f-875f-9d75f802c5ab,1141204990,HyakuryuSkill_237_Name,大音量演奏,Maximum Volume,Volume maximal,Volume massimo,Maximallautstärke,Volumen máximo,Максим. громкость,Maksymalna głośność,,,Volume Máximo,대음량 연주,大音量演奏,大音量演奏,,,,,,,,الحد الأقصى للصوت,,,,,,,,,,,
2784a9fe-5402-40e8-986d-b0105abd5af7,3777110486,HyakuryuSkill_238_Name,ビン変形強化,Phial Switch Boost,Bonus change. fiole,Bonus scambio fiala,Phiolentausch-Bonus,Bonus cambio viales,Склянка турбо смены,Wzmoc. zmiany fiolki,,,Ref. Alt. Frascos,병 변형 강화,瓶變形強化,瓶变形强化,,,,,,,,قارورة تعزيز التبديل,,,,,,,,,,,
e65eccf7-45a7-4d6b-bc78-bb21b393c093,2396083552,HyakuryuSkill_239_Name,曲射効果持続,Lasting Arc Shot,Tir barrage prolongé,Tiro parab. duraturo,Ewiger Bogenschuss,Tiro parab. duradero,Длит. выстрел дугой,Trwałostrzał po łuku,,,Tiro Prolong. de Arco,곡사 효과 지속,曲射效果持續,曲射效果持续,,,,,,,,طلقة ملتوية دائمة,,,,,,,,,,,
6acadad6-20c3-4c16-ae0f-180699fbe4f4,3090256664,HyakuryuSkill_240_Name,操竜の達人,Master Rider,As de la chevauchée,Maestro cavallerizzo,Meisterreiter,Jinete maestro,Мастер-наездник,Mistrz jeździectwa,,,Mestre em Montaria,용 조종의 달인,操龍達人,御龙达人,,,,,,,,راكب الوحوش المتمرس,,,,,,,,,,,
aa6d75d5-fc64-4f03-8b44-a87319bc6a61,1050153898,HyakuryuSkill_241_Name,竜種特効,Wyvern Exploit,Faiblesse wyvernes,Debolezza wyvern,Wyvernvorteil,Aprovechar wyvern,Уязвимость виверны,Wykorzyst. wiwerny,,,Exploração de Serpe,용 특효,龍種特效,龙种特效,,,,,,,,استغلال التنين المجنح,,,,,,,,,,,
f010a4a6-056a-406a-8b32-5092917fa673,1220065885,HyakuryuSkill_242_Name,小型特効,Small Monster Exploit,Faibl. petits monstres,Debol. mostro picc.,KleineMonsterVorteil,Aprovechar mons. p.,Уяз. малых монстров,Wykorz. mał. potwora,,,Explor. Monst. Peq.,소형 특효,小型特效,小型特效,,,,,,,,استغلال وحش صغير,,,,,,,,,,,
963f6f80-be83-4d74-8309-a3191170ffb5,2116973508,HyakuryuSkill_243_Name,火やられ特効,Fireblight Exploit,Faibl. fléau-feu,Debolezza fuoco,Feuerpestvorteil,Aprovechar pl. fuego,Уязвимость к огню,Wykorz. plagi ognia,,,Explor. Flag. de Fogo,불 피해 특효,火異常特效,火异常状态特效,,,,,,,,استغلال وباء النار,,,,,,,,,,,
0c59e5c3-36c3-4c2a-9715-8db4eb30b703,1974936737,HyakuryuSkill_244_Name,水やられ特効,Waterblight Exploit,Faibl. fléau-eau,Debolezza acqua,Wasserpestvorteil,Aprovechar pl. agua,Уязвимость к воде,Wykorzys. plagi wody,,,Explor. Flag. de Água,물 피해 특효,水異常特效,水异常状态特效,,,,,,,,استغلال وباء الماء,,,,,,,,,,,
5c87c5fe-2923-486a-98bb-10002a99bd7c,263811651,HyakuryuSkill_245_Name,雷やられ特効,Thunderblight Exploit,Faibl. fléau-foudre,Debolezza tuono,Donnerpestvorteil,Aprovechar pl. rayo,Уязвимость к грозе,Wykorz. plagi pior.,,,Explor. Flag. de Raio,번개 피해 특효,雷異常特效,雷异常状态特效,,,,,,,,استغلال وباء الرعد,,,,,,,,,,,
66105eb3-aad1-4dc1-a973-2db99dd31564,770801667,HyakuryuSkill_246_Name,氷やられ特効,Iceblight Exploit,Faibl. fléau-glace,Debolezza ghiaccio,Eispestvorteil,Aprovechar pl. hielo,Уязвимость ко льду,Wykorzys. plagi lodu,,,Explor. Flag. de Gelo,얼음 피해 특효,冰異常特效,冰异常状态特效,,,,,,,,استغلال لفحة ثلج,,,,,,,,,,,
e6a0a6fa-b2b7-4efd-89da-4acf00f0ee6d,840563882,HyakuryuSkill_247_Name,怨虎竜の魂,Magnamalo Soul,Âme Magnamalo,Anima Magnamalo,Magnamalo-Seele,Alma de Magnamalo,Душа Магнамало,Dusza Magnamalo,,,Alma de Magnamalo,원호룡의 혼,怨虎龍之魂,怨虎龙之魂,,,,,,,,روح ماجنامالو,,,,,,,,,,,
d670eadb-32d2-4478-bb18-c4ac05feaae2,2885214865,HyakuryuSkill_248_Name,天彗龍の魂,Valstrax Soul,Âme Valstrax,Anima Valstrax,Valstrax-Seele,Alma de Valstrax,Душа Валстракса,Dusza Valstraxa,,,Alma de Valstrax,천혜룡의 혼,天彗龍之魂,天彗龙之魂,,,,,,,,روح فالستراكس,,,,,,,,,,,
51ecb7df-45ae-4c07-b889-24b49da09016,1120879795,HyakuryuSkill_249_Name,霞龍の魂,Chameleos Soul,Âme Chameleos,Anima Chameleos,Chameleos-Seele,Alma de Chameleos,Душа Хамелеоса,Dusza Chameleosa,,,Alma de Chameleos,하룡의 혼,霞龍之魂,霞龙之魂,,,,,,,,روح تشامليوس,,,,,,,,,,,
279a74f0-93b9-4070-ac78-88d0b80665c1,438156218,HyakuryuSkill_250_Name,鋼龍の魂,Kushala Daora Soul,Âme Kushala Daora,Anima Kushala Daora,Kushala-Daora-Seele,Alma Kushala Daora,Душа Кушалы Даоры,Dusza Kushali Daory,,,Alma d'Kushala Daora,강룡의 혼,鋼龍之魂,钢龙之魂,,,,,,,,روح كوشالا داورا,,,,,,,,,,,
ae88c721-9cb0-441e-91fe-f10fd95f32ba,2582426010,HyakuryuSkill_251_Name,炎王龍の魂,Teostra Soul,Âme Teostra,Anima Teostra,Teostra-Seele,Alma de Teostra,Душа Теостры,Dusza Teostry,,,Alma de Teostra,염왕룡의 혼,炎王龍之魂,炎王龙之魂,,,,,,,,روح تيوسترا,,,,,,,,,,,
c0e448e3-a55a-4cdd-b071-1ff9400ebc07,2474663515,HyakuryuSkill_252_Name,風神龍の魂,Ibushi Soul,Âme Ibushi,Anima Ibushi,Ibushi-Seele,Alma de Ibushi,Душа Ибуси,Dusza Ibushiego,,,Alma de Ibushi,풍신룡의 혼,風神龍之魂,风神龙之魂,,,,,,,,روح إيبوشي,,,,,,,,,,,
6f9cb181-d99d-4da8-b023-944a4ee0dfb2,2592703097,HyakuryuSkill_253_Name,雷神龍の魂,Narwa Soul,Âme Narwa,Anima Narwa,Narwa-Seele,Alma de Narwa,Душа Нарвы,Dusza Narwy,,,Alma de Narwa,뇌신룡의 혼,雷神龍之魂,雷神龙之魂,,,,,,,,روح ناروا,,,,,,,,,,,
1ab56369-f83d-44f3-970b-aaf1f5a04607,214287179,HyakuryuSkill_254_Name,オトモへの采配術,Buddy Rally,Esprit Pilpoil,Adunata compagno,Buddy-Versammlung,Camaradas unidos,Сбор спутников,Mobilizacja kompana,,,Reunião de Amigos,동반자 지휘술,隨從指示術,随从指挥术,,,,,,,,حشد الأصدقاء,,,,,,,,,,,
9613b894-ccf4-49f0-99e0-80fa7503828f,606726527,HyakuryuSkill_255_Name,人魂鳥倍加,Spiribird Doubled,Bonus Spectroiseaux,Spiriuccello doppio,Doppelter Irrlitz,Animave duplicada,Удвоение Духоптиц,Podwójny duchoptak,,,Espiripássaro Duplo,인혼조 강화,鬼火鳥加倍,鬼火鸟加倍,,,,,,,,ضعف طيور سيبيري,,,,,,,,,,,
2667883c-77d3-4818-8550-ff55f9cd3b4c,3366768634,HyakuryuSkill_256_Name,無属性攻撃強化,Non-elemental Boost,Bonus non-élément.,Bonus non elementale,Nicht-Element-Boost,Bonus no elemental,Неэлемент. усиление,Nieżywiołowe Wzmocn.,,,Reforço Não Elemental,무속성 공격 강화,無屬性攻擊強化,无属性攻击强化,,,,,,,,معزز غير عنصري,,,,,,,,,,,
84a110bf-3738-47c5-b65d-be9247bc81dc,4289271041,HyakuryuSkill_257_Name,空棲系特効,Anti-Aerial Species,Esp. anti-aériennes,Antivolanti,Anti-Luft-Art,Especie antiaérea,Противолетающий вид,Antypowiet. gatunki,,,Espécie Antiaérea,공서계 특효,空棲系特效,空栖系特效,,,,,,,,كائنات ضد الهواء,,,,,,,,,,,
f3745951-6f04-4d7a-999c-6ee16898f2ce,2772158211,HyakuryuSkill_258_Name,水棲系特効,Anti-Aquatic Species,Esp. anti-aquatiques,Antiacquatici,Anti-Wasser-Art,Especie antiacuática,Противоводный вид,Antywodne gatunki,,,Espécie Antiaquática,수서계 특효,水棲系特效,水栖系特效,,,,,,,,كائنات ضد الماء,,,,,,,,,,,
